1619
0.001 0.001 0.0 0.2 0.2 0.2 0.8 0.5 0.7
0.001 0.001 0.0 0.2 0.199 0.2 0.8 0.5 0.7
0.001 0.001 0.0 0.2 0.198 0.2 0.8 0.5 0.7
0.001 0.001 0.0 0.2 0.197 0.2 0.8 0.5 0.7
0.001 0.001 0.0 0.2 0.196 0.2 0.8 0.5 0.7
0.001 0.001 0.0 0.2 0.195 0.2 0.8 0.5 0.7
0.001 0.001 0.0 0.2 0.194 0.2 0.8 0.5 0.7
0.001 0.001 0.0 0.2 0.193 0.2 0.8 0.5 0.7
0.001 0.001 0.0 0.2 0.192 0.2 0.8 0.5 0.7
0.001 0.001 0.0 0.2 0.191 0.2 0.8 0.5 0.7
0.001 0.001 0.0 0.2 0.19 0.2 0.8 0.5 0.7
0.001 0.001 0.0 0.2 0.189 0.2 0.8 0.5 0.7
0.001 0.001 0.0 0.2 0.188 0.2 0.8 0.5 0.7
0.001 0.001 0.0 0.2 0.187 0.2 0.8 0.5 0.7
0.001 0.001 0.0 0.2 0.186 0.2 0.8 0.5 0.7
0.001 0.001 0.0 0.2 0.185 0.2 0.8 0.5 0.7
0.001 0.001 0.0 0.2 0.184 0.2 0.8 0.5 0.7
0.001 0.001 0.0 0.2 0.183 0.2 0.8 0.5 0.7
0.001 0.001 0.0 0.2 0.182 0.2 0.8 0.5 0.7
0.001 0.001 0.0 0.2 0.18100000000000002 0.2 0.8 0.5 0.7
0.001 0.001 0.0 0.2 0.18000000000000002 0.2 0.8 0.5 0.7
0.001 0.001 0.0 0.2 0.17900000000000002 0.2 0.8 0.5 0.7
0.001 0.001 0.0 0.2 0.17800000000000002 0.2 0.8 0.5 0.7
0.001 0.001 0.0 0.2 0.17700000000000002 0.2 0.8 0.5 0.7
0.001 0.001 0.0 0.2 0.17600000000000002 0.2 0.8 0.5 0.7
0.001 0.001 0.0 0.2 0.17500000000000002 0.2 0.8 0.5 0.7
0.001 0.001 0.0 0.2 0.17400000000000002 0.2 0.8 0.5 0.7
0.001 0.001 0.0 0.2 0.17300000000000001 0.2 0.8 0.5 0.7
0.001 0.001 0.0 0.2 0.17200000000000001 0.2 0.8 0.5 0.7
0.001 0.001 0.0 0.2 0.171 0.2 0.8 0.5 0.7
0.001 0.001 0.0 0.2 0.17 0.2 0.8 0.5 0.7
0.001 0.001 0.0 0.2 0.169 0.2 0.8 0.5 0.7
0.001 0.001 0.0 0.2 0.168 0.2 0.8 0.5 0.7
0.001 0.001 0.0 0.2 0.167 0.2 0.8 0.5 0.7
0.001 0.001 0.0 0.2 0.166 0.2 0.8 0.5 0.7
0.001 0.001 0.0 0.2 0.165 0.2 0.8 0.5 0.7
0.001 0.001 0.0 0.2 0.164 0.2 0.8 0.5 0.7
0.001 0.001 0.0 0.2 0.163 0.2 0.8 0.5 0.7
0.001 0.001 0.0 0.2 0.162 0.2 0.8 0.5 0.7
0.001 0.001 0.0 0.2 0.161 0.2 0.8 0.5 0.7
0.001 0.001 0.0 0.2 0.16 0.2 0.8 0.5 0.7
0.001 0.001 0.0 0.2 0.159 0.2 0.8 0.5 0.7
0.001 0.001 0.0 0.2 0.158 0.2 0.8 0.5 0.7
0.001 0.001 0.0 0.2 0.157 0.2 0.8 0.5 0.7
0.001 0.001 0.0 0.2 0.15600000000000003 0.2 0.8 0.5 0.7
0.001 0.001 0.0 0.2 0.15500000000000003 0.2 0.8 0.5 0.7
0.001 0.001 0.0 0.2 0.15400000000000003 0.2 0.8 0.5 0.7
0.001 0.001 0.0 0.2 0.15300000000000002 0.2 0.8 0.5 0.7
0.001 0.001 0.0 0.2 0.15200000000000002 0.2 0.8 0.5 0.7
0.001 0.001 0.0 0.2 0.15100000000000002 0.2 0.8 0.5 0.7
0.001 0.001 0.0 0.2 0.15000000000000002 0.2 0.8 0.5 0.7
0.001 0.001 0.0 0.2 0.14900000000000002 0.2 0.8 0.5 0.7
0.001 0.001 0.0 0.2 0.14800000000000002 0.2 0.8 0.5 0.7
0.001 0.001 0.0 0.2 0.14700000000000002 0.2 0.8 0.5 0.7
0.001 0.001 0.0 0.2 0.14600000000000002 0.2 0.8 0.5 0.7
0.001 0.001 0.0 0.2 0.14500000000000002 0.2 0.8 0.5 0.7
0.001 0.001 0.0 0.2 0.14400000000000002 0.2 0.8 0.5 0.7
0.001 0.001 0.0 0.2 0.14300000000000002 0.2 0.8 0.5 0.7
0.001 0.001 0.0 0.2 0.14200000000000002 0.2 0.8 0.5 0.7
0.001 0.001 0.0 0.2 0.14100000000000001 0.2 0.8 0.5 0.7
0.001 0.001 0.0 0.2 0.14 0.2 0.8 0.5 0.7
0.001 0.001 0.0 0.2 0.139 0.2 0.8 0.5 0.7
0.001 0.001 0.0 0.2 0.138 0.2 0.8 0.5 0.7
0.001 0.001 0.0 0.2 0.137 0.2 0.8 0.5 0.7
0.001 0.001 0.0 0.2 0.136 0.2 0.8 0.5 0.7
0.001 0.001 0.0 0.2 0.135 0.2 0.8 0.5 0.7
0.001 0.001 0.0 0.2 0.134 0.2 0.8 0.5 0.7
0.001 0.001 0.0 0.2 0.133 0.2 0.8 0.5 0.7
0.001 0.001 0.0 0.2 0.132 0.2 0.8 0.5 0.7
0.001 0.001 0.0 0.2 0.131 0.2 0.8 0.5 0.7
0.001 0.001 0.0 0.2 0.13 0.2 0.8 0.5 0.7
0.001 0.001 0.0 0.2 0.129 0.2 0.8 0.5 0.7
0.001 0.001 0.0 0.2 0.128 0.2 0.8 0.5 0.7
0.001 0.001 0.0 0.2 0.127 0.2 0.8 0.5 0.7
0.001 0.001 0.0 0.2 0.126 0.2 0.8 0.5 0.7
0.001 0.001 0.0 0.2 0.125 0.2 0.8 0.5 0.7
0.001 0.001 0.0 0.2 0.12400000000000001 0.2 0.8 0.5 0.7
0.001 0.001 0.0 0.2 0.12300000000000001 0.2 0.8 0.5 0.7
0.001 0.001 0.0 0.2 0.12200000000000001 0.2 0.8 0.5 0.7
0.001 0.001 0.0 0.2 0.12100000000000001 0.2 0.8 0.5 0.7
0.001 0.001 0.0 0.2 0.12000000000000001 0.2 0.8 0.5 0.7
0.001 0.001 0.0 0.2 0.11900000000000001 0.2 0.8 0.5 0.7
0.001 0.001 0.0 0.2 0.11800000000000001 0.2 0.8 0.5 0.7
0.001 0.001 0.0 0.2 0.117 0.2 0.8 0.5 0.7
0.001 0.001 0.0 0.2 0.116 0.2 0.8 0.5 0.7
0.001 0.001 0.0 0.2 0.115 0.2 0.8 0.5 0.7
0.001 0.001 0.0 0.2 0.114 0.2 0.8 0.5 0.7
0.001 0.001 0.0 0.2 0.113 0.2 0.8 0.5 0.7
0.001 0.001 0.0 0.2 0.11200000000000002 0.2 0.8 0.5 0.7
0.001 0.001 0.0 0.2 0.11100000000000002 0.2 0.8 0.5 0.7
0.001 0.001 0.0 0.2 0.11000000000000001 0.2 0.8 0.5 0.7
0.001 0.001 0.0 0.2 0.10900000000000001 0.2 0.8 0.5 0.7
0.001 0.001 0.0 0.2 0.10800000000000001 0.2 0.8 0.5 0.7
0.001 0.001 0.0 0.2 0.10700000000000001 0.2 0.8 0.5 0.7
0.001 0.001 0.0 0.2 0.10600000000000001 0.2 0.8 0.5 0.7
0.001 0.001 0.0 0.2 0.10500000000000001 0.2 0.8 0.5 0.7
0.001 0.001 0.0 0.2 0.10400000000000001 0.2 0.8 0.5 0.7
0.001 0.001 0.0 0.2 0.10300000000000001 0.2 0.8 0.5 0.7
0.001 0.001 0.0 0.2 0.10200000000000001 0.2 0.8 0.5 0.7
0.001 0.001 0.0 0.2 0.101 0.2 0.8 0.5 0.7
0.001 0.001 0.0 0.2 0.1 0.2 0.8 0.5 0.7
0.001 0.001 0.0 0.2 0.0999 0.2 0.8 0.5 0.7
0.001 0.001 0.0 0.2 0.0999 0.2 0.8 0.5 0.7
0.001 0.001 0.0 0.199 0.0999 0.2 0.8 0.5 0.7
0.001 0.001 0.0 0.198 0.0999 0.2 0.8 0.5 0.7
0.001 0.001 0.0 0.197 0.0999 0.2 0.8 0.5 0.7
0.001 0.001 0.0 0.196 0.0999 0.2 0.8 0.5 0.7
0.001 0.001 0.0 0.195 0.0999 0.2 0.8 0.5 0.7
0.001 0.001 0.0 0.194 0.0999 0.2 0.8 0.5 0.7
0.001 0.001 0.0 0.193 0.0999 0.2 0.8 0.5 0.7
0.001 0.001 0.0 0.192 0.0999 0.2 0.8 0.5 0.7
0.001 0.001 0.0 0.191 0.0999 0.2 0.8 0.5 0.7
0.001 0.001 0.0 0.19 0.0999 0.2 0.8 0.5 0.7
0.001 0.001 0.0 0.189 0.0999 0.2 0.8 0.5 0.7
0.001 0.001 0.0 0.188 0.0999 0.2 0.8 0.5 0.7
0.001 0.001 0.0 0.187 0.0999 0.2 0.8 0.5 0.7
0.001 0.001 0.0 0.186 0.0999 0.2 0.8 0.5 0.7
0.001 0.001 0.0 0.185 0.0999 0.2 0.8 0.5 0.7
0.001 0.001 0.0 0.184 0.0999 0.2 0.8 0.5 0.7
0.001 0.001 0.0 0.183 0.0999 0.2 0.8 0.5 0.7
0.001 0.001 0.0 0.182 0.0999 0.2 0.8 0.5 0.7
0.001 0.001 0.0 0.18100000000000002 0.0999 0.2 0.8 0.5 0.7
0.001 0.001 0.0 0.18000000000000002 0.0999 0.2 0.8 0.5 0.7
0.001 0.001 0.0 0.17900000000000002 0.0999 0.2 0.8 0.5 0.7
0.001 0.001 0.0 0.17800000000000002 0.0999 0.2 0.8 0.5 0.7
0.001 0.001 0.0 0.17700000000000002 0.0999 0.2 0.8 0.5 0.7
0.001 0.001 0.0 0.17600000000000002 0.0999 0.2 0.8 0.5 0.7
0.001 0.001 0.0 0.17500000000000002 0.0999 0.2 0.8 0.5 0.7
0.001 0.001 0.0 0.17400000000000002 0.0999 0.2 0.8 0.5 0.7
0.001 0.001 0.0 0.17300000000000001 0.0999 0.2 0.8 0.5 0.7
0.001 0.001 0.0 0.17200000000000001 0.0999 0.2 0.8 0.5 0.7
0.001 0.001 0.0 0.171 0.0999 0.2 0.8 0.5 0.7
0.001 0.001 0.0 0.17 0.0999 0.2 0.8 0.5 0.7
0.001 0.001 0.0 0.169 0.0999 0.2 0.8 0.5 0.7
0.001 0.001 0.0 0.168 0.0999 0.2 0.8 0.5 0.7
0.001 0.001 0.0 0.167 0.0999 0.2 0.8 0.5 0.7
0.001 0.001 0.0 0.166 0.0999 0.2 0.8 0.5 0.7
0.001 0.001 0.0 0.165 0.0999 0.2 0.8 0.5 0.7
0.001 0.001 0.0 0.164 0.0999 0.2 0.8 0.5 0.7
0.001 0.001 0.0 0.163 0.0999 0.2 0.8 0.5 0.7
0.001 0.001 0.0 0.162 0.0999 0.2 0.8 0.5 0.7
0.001 0.001 0.0 0.161 0.0999 0.2 0.8 0.5 0.7
0.001 0.001 0.0 0.16 0.0999 0.2 0.8 0.5 0.7
0.001 0.001 0.0 0.159 0.0999 0.2 0.8 0.5 0.7
0.001 0.001 0.0 0.158 0.0999 0.2 0.8 0.5 0.7
0.001 0.001 0.0 0.157 0.0999 0.2 0.8 0.5 0.7
0.001 0.001 0.0 0.15600000000000003 0.0999 0.2 0.8 0.5 0.7
0.001 0.001 0.0 0.15500000000000003 0.0999 0.2 0.8 0.5 0.7
0.001 0.001 0.0 0.15400000000000003 0.0999 0.2 0.8 0.5 0.7
0.001 0.001 0.0 0.15300000000000002 0.0999 0.2 0.8 0.5 0.7
0.001 0.001 0.0 0.15200000000000002 0.0999 0.2 0.8 0.5 0.7
0.001 0.001 0.0 0.15100000000000002 0.0999 0.2 0.8 0.5 0.7
0.001 0.001 0.0 0.15000000000000002 0.0999 0.2 0.8 0.5 0.7
0.001 0.001 0.0 0.14900000000000002 0.0999 0.2 0.8 0.5 0.7
0.001 0.001 0.0 0.14800000000000002 0.0999 0.2 0.8 0.5 0.7
0.001 0.001 0.0 0.14700000000000002 0.0999 0.2 0.8 0.5 0.7
0.001 0.001 0.0 0.14600000000000002 0.0999 0.2 0.8 0.5 0.7
0.001 0.001 0.0 0.14500000000000002 0.0999 0.2 0.8 0.5 0.7
0.001 0.001 0.0 0.14400000000000002 0.0999 0.2 0.8 0.5 0.7
0.001 0.001 0.0 0.14300000000000002 0.0999 0.2 0.8 0.5 0.7
0.001 0.001 0.0 0.14200000000000002 0.0999 0.2 0.8 0.5 0.7
0.001 0.001 0.0 0.14100000000000001 0.0999 0.2 0.8 0.5 0.7
0.001 0.001 0.0 0.14 0.0999 0.2 0.8 0.5 0.7
0.001 0.001 0.0 0.139 0.0999 0.2 0.8 0.5 0.7
0.001 0.001 0.0 0.138 0.0999 0.2 0.8 0.5 0.7
0.001 0.001 0.0 0.137 0.0999 0.2 0.8 0.5 0.7
0.001 0.001 0.0 0.136 0.0999 0.2 0.8 0.5 0.7
0.001 0.001 0.0 0.135 0.0999 0.2 0.8 0.5 0.7
0.001 0.001 0.0 0.134 0.0999 0.2 0.8 0.5 0.7
0.001 0.001 0.0 0.133 0.0999 0.2 0.8 0.5 0.7
0.001 0.001 0.0 0.132 0.0999 0.2 0.8 0.5 0.7
0.001 0.001 0.0 0.131 0.0999 0.2 0.8 0.5 0.7
0.001 0.001 0.0 0.13 0.0999 0.2 0.8 0.5 0.7
0.001 0.001 0.0 0.129 0.0999 0.2 0.8 0.5 0.7
0.001 0.001 0.0 0.128 0.0999 0.2 0.8 0.5 0.7
0.001 0.001 0.0 0.127 0.0999 0.2 0.8 0.5 0.7
0.001 0.001 0.0 0.126 0.0999 0.2 0.8 0.5 0.7
0.001 0.001 0.0 0.125 0.0999 0.2 0.8 0.5 0.7
0.001 0.001 0.0 0.12400000000000001 0.0999 0.2 0.8 0.5 0.7
0.001 0.001 0.0 0.12300000000000001 0.0999 0.2 0.8 0.5 0.7
0.001 0.001 0.0 0.12200000000000001 0.0999 0.2 0.8 0.5 0.7
0.001 0.001 0.0 0.12100000000000001 0.0999 0.2 0.8 0.5 0.7
0.001 0.001 0.0 0.12000000000000001 0.0999 0.2 0.8 0.5 0.7
0.001 0.001 0.0 0.11900000000000001 0.0999 0.2 0.8 0.5 0.7
0.001 0.001 0.0 0.11800000000000001 0.0999 0.2 0.8 0.5 0.7
0.001 0.001 0.0 0.117 0.0999 0.2 0.8 0.5 0.7
0.001 0.001 0.0 0.116 0.0999 0.2 0.8 0.5 0.7
0.001 0.001 0.0 0.115 0.0999 0.2 0.8 0.5 0.7
0.001 0.001 0.0 0.114 0.0999 0.2 0.8 0.5 0.7
0.001 0.001 0.0 0.113 0.0999 0.2 0.8 0.5 0.7
0.001 0.001 0.0 0.11200000000000002 0.0999 0.2 0.8 0.5 0.7
0.001 0.001 0.0 0.11100000000000002 0.0999 0.2 0.8 0.5 0.7
0.001 0.001 0.0 0.11000000000000001 0.0999 0.2 0.8 0.5 0.7
0.001 0.001 0.0 0.10900000000000001 0.0999 0.2 0.8 0.5 0.7
0.001 0.001 0.0 0.10800000000000001 0.0999 0.2 0.8 0.5 0.7
0.001 0.001 0.0 0.10700000000000001 0.0999 0.2 0.8 0.5 0.7
0.001 0.001 0.0 0.10600000000000001 0.0999 0.2 0.8 0.5 0.7
0.001 0.001 0.0 0.10500000000000001 0.0999 0.2 0.8 0.5 0.7
0.001 0.001 0.0 0.10400000000000001 0.0999 0.2 0.8 0.5 0.7
0.001 0.001 0.0 0.10300000000000001 0.0999 0.2 0.8 0.5 0.7
0.001 0.001 0.0 0.10200000000000001 0.0999 0.2 0.8 0.5 0.7
0.001 0.001 0.0 0.101 0.0999 0.2 0.8 0.5 0.7
0.001 0.001 0.0 0.1 0.0999 0.2 0.8 0.5 0.7
0.001 0.001 0.0 0.0999 0.0999 0.2 0.8 0.5 0.7
0.001 0.001 0.0 0.0999 0.0999 0.2 0.8 0.5 0.7
0.001 0.001 0.0 0.1009 0.0999 0.2 0.8 0.5 0.7
0.001 0.001 0.0 0.1019 0.0999 0.2 0.8 0.5 0.7
0.001 0.001 0.0 0.1029 0.0999 0.2 0.8 0.5 0.7
0.001 0.001 0.0 0.1039 0.0999 0.2 0.8 0.5 0.7
0.001 0.001 0.0 0.10490000000000001 0.0999 0.2 0.8 0.5 0.7
0.001 0.001 0.0 0.10590000000000001 0.0999 0.2 0.8 0.5 0.7
0.001 0.001 0.0 0.10690000000000001 0.0999 0.2 0.8 0.5 0.7
0.001 0.001 0.0 0.1079 0.0999 0.2 0.8 0.5 0.7
0.001 0.001 0.0 0.1089 0.0999 0.2 0.8 0.5 0.7
0.001 0.001 0.0 0.1099 0.0999 0.2 0.8 0.5 0.7
0.001 0.001 0.0 0.1109 0.0999 0.2 0.8 0.5 0.7
0.001 0.001 0.0 0.1119 0.0999 0.2 0.8 0.5 0.7
0.001 0.001 0.0 0.1129 0.0999 0.2 0.8 0.5 0.7
0.001 0.001 0.0 0.1139 0.0999 0.2 0.8 0.5 0.7
0.001 0.001 0.0 0.1149 0.0999 0.2 0.8 0.5 0.7
0.001 0.001 0.0 0.1159 0.0999 0.2 0.8 0.5 0.7
0.001 0.001 0.0 0.1169 0.0999 0.2 0.8 0.5 0.7
0.001 0.001 0.0 0.1179 0.0999 0.2 0.8 0.5 0.7
0.001 0.001 0.0 0.1189 0.0999 0.2 0.8 0.5 0.7
0.001 0.001 0.0 0.1199 0.0999 0.2 0.8 0.5 0.7
0.001 0.001 0.0 0.12090000000000001 0.0999 0.2 0.8 0.5 0.7
0.001 0.001 0.0 0.12190000000000001 0.0999 0.2 0.8 0.5 0.7
0.001 0.001 0.0 0.12290000000000001 0.0999 0.2 0.8 0.5 0.7
0.001 0.001 0.0 0.12390000000000001 0.0999 0.2 0.8 0.5 0.7
0.001 0.001 0.0 0.12490000000000001 0.0999 0.2 0.8 0.5 0.7
0.001 0.001 0.0 0.1259 0.0999 0.2 0.8 0.5 0.7
0.001 0.001 0.0 0.1269 0.0999 0.2 0.8 0.5 0.7
0.001 0.001 0.0 0.1279 0.0999 0.2 0.8 0.5 0.7
0.001 0.001 0.0 0.12890000000000001 0.0999 0.2 0.8 0.5 0.7
0.001 0.001 0.0 0.12990000000000002 0.0999 0.2 0.8 0.5 0.7
0.001 0.001 0.0 0.13090000000000002 0.0999 0.2 0.8 0.5 0.7
0.001 0.001 0.0 0.13190000000000002 0.0999 0.2 0.8 0.5 0.7
0.001 0.001 0.0 0.13290000000000002 0.0999 0.2 0.8 0.5 0.7
0.001 0.001 0.0 0.13390000000000002 0.0999 0.2 0.8 0.5 0.7
0.001 0.001 0.0 0.13490000000000002 0.0999 0.2 0.8 0.5 0.7
0.001 0.001 0.0 0.13590000000000002 0.0999 0.2 0.8 0.5 0.7
0.001 0.001 0.0 0.1369 0.0999 0.2 0.8 0.5 0.7
0.001 0.001 0.0 0.1379 0.0999 0.2 0.8 0.5 0.7
0.001 0.001 0.0 0.1389 0.0999 0.2 0.8 0.5 0.7
0.001 0.001 0.0 0.1399 0.0999 0.2 0.8 0.5 0.7
0.001 0.001 0.0 0.1409 0.0999 0.2 0.8 0.5 0.7
0.001 0.001 0.0 0.1419 0.0999 0.2 0.8 0.5 0.7
0.001 0.001 0.0 0.1429 0.0999 0.2 0.8 0.5 0.7
0.001 0.001 0.0 0.1439 0.0999 0.2 0.8 0.5 0.7
0.001 0.001 0.0 0.1449 0.0999 0.2 0.8 0.5 0.7
0.001 0.001 0.0 0.1459 0.0999 0.2 0.8 0.5 0.7
0.001 0.001 0.0 0.1469 0.0999 0.2 0.8 0.5 0.7
0.001 0.001 0.0 0.1479 0.0999 0.2 0.8 0.5 0.7
0.001 0.001 0.0 0.1489 0.0999 0.2 0.8 0.5 0.7
0.001 0.001 0.0 0.1499 0.0999 0.2 0.8 0.5 0.7
0.001 0.001 0.0 0.1509 0.0999 0.2 0.8 0.5 0.7
0.001 0.001 0.0 0.1519 0.0999 0.2 0.8 0.5 0.7
0.001 0.001 0.0 0.1529 0.0999 0.2 0.8 0.5 0.7
0.001 0.001 0.0 0.1539 0.0999 0.2 0.8 0.5 0.7
0.001 0.001 0.0 0.1549 0.0999 0.2 0.8 0.5 0.7
0.001 0.001 0.0 0.1559 0.0999 0.2 0.8 0.5 0.7
0.001 0.001 0.0 0.1569 0.0999 0.2 0.8 0.5 0.7
0.001 0.001 0.0 0.1579 0.0999 0.2 0.8 0.5 0.7
0.001 0.001 0.0 0.1589 0.0999 0.2 0.8 0.5 0.7
0.001 0.001 0.0 0.1599 0.0999 0.2 0.8 0.5 0.7
0.001 0.001 0.0 0.1609 0.0999 0.2 0.8 0.5 0.7
0.001 0.001 0.0 0.1619 0.0999 0.2 0.8 0.5 0.7
0.001 0.001 0.0 0.1629 0.0999 0.2 0.8 0.5 0.7
0.001 0.001 0.0 0.1639 0.0999 0.2 0.8 0.5 0.7
0.001 0.001 0.0 0.1649 0.0999 0.2 0.8 0.5 0.7
0.001 0.001 0.0 0.1659 0.0999 0.2 0.8 0.5 0.7
0.001 0.001 0.0 0.1669 0.0999 0.2 0.8 0.5 0.7
0.001 0.001 0.0 0.1679 0.0999 0.2 0.8 0.5 0.7
0.001 0.001 0.0 0.1689 0.0999 0.2 0.8 0.5 0.7
0.001 0.001 0.0 0.1699 0.0999 0.2 0.8 0.5 0.7
0.001 0.001 0.0 0.1709 0.0999 0.2 0.8 0.5 0.7
0.001 0.001 0.0 0.1719 0.0999 0.2 0.8 0.5 0.7
0.001 0.001 0.0 0.1729 0.0999 0.2 0.8 0.5 0.7
0.001 0.001 0.0 0.1739 0.0999 0.2 0.8 0.5 0.7
0.001 0.001 0.0 0.1749 0.0999 0.2 0.8 0.5 0.7
0.001 0.001 0.0 0.1759 0.0999 0.2 0.8 0.5 0.7
0.001 0.001 0.0 0.1769 0.0999 0.2 0.8 0.5 0.7
0.001 0.001 0.0 0.1779 0.0999 0.2 0.8 0.5 0.7
0.001 0.001 0.0 0.1789 0.0999 0.2 0.8 0.5 0.7
0.001 0.001 0.0 0.1799 0.0999 0.2 0.8 0.5 0.7
0.001 0.001 0.0 0.1809 0.0999 0.2 0.8 0.5 0.7
0.001 0.001 0.0 0.1819 0.0999 0.2 0.8 0.5 0.7
0.001 0.001 0.0 0.1829 0.0999 0.2 0.8 0.5 0.7
0.001 0.001 0.0 0.1839 0.0999 0.2 0.8 0.5 0.7
0.001 0.001 0.0 0.1849 0.0999 0.2 0.8 0.5 0.7
0.001 0.001 0.0 0.1859 0.0999 0.2 0.8 0.5 0.7
0.001 0.001 0.0 0.1869 0.0999 0.2 0.8 0.5 0.7
0.001 0.001 0.0 0.1879 0.0999 0.2 0.8 0.5 0.7
0.001 0.001 0.0 0.1889 0.0999 0.2 0.8 0.5 0.7
0.001 0.001 0.0 0.1899 0.0999 0.2 0.8 0.5 0.7
0.001 0.001 0.0 0.19090000000000001 0.0999 0.2 0.8 0.5 0.7
0.001 0.001 0.0 0.19190000000000002 0.0999 0.2 0.8 0.5 0.7
0.001 0.001 0.0 0.19290000000000002 0.0999 0.2 0.8 0.5 0.7
0.001 0.001 0.0 0.19390000000000002 0.0999 0.2 0.8 0.5 0.7
0.001 0.001 0.0 0.19490000000000002 0.0999 0.2 0.8 0.5 0.7
0.001 0.001 0.0 0.19590000000000002 0.0999 0.2 0.8 0.5 0.7
0.001 0.001 0.0 0.19690000000000002 0.0999 0.2 0.8 0.5 0.7
0.001 0.001 0.0 0.19790000000000002 0.0999 0.2 0.8 0.5 0.7
0.001 0.001 0.0 0.19890000000000002 0.0999 0.2 0.8 0.5 0.7
0.001 0.001 0.0 0.19990000000000002 0.0999 0.2 0.8 0.5 0.7
0.001 0.001 0.0 0.20090000000000002 0.0999 0.2 0.8 0.5 0.7
0.001 0.001 0.0 0.20190000000000002 0.0999 0.2 0.8 0.5 0.7
0.001 0.001 0.0 0.20290000000000002 0.0999 0.2 0.8 0.5 0.7
0.001 0.001 0.0 0.20390000000000003 0.0999 0.2 0.8 0.5 0.7
0.001 0.001 0.0 0.2049 0.0999 0.2 0.8 0.5 0.7
0.001 0.001 0.0 0.2059 0.0999 0.2 0.8 0.5 0.7
0.001 0.001 0.0 0.2069 0.0999 0.2 0.8 0.5 0.7
0.001 0.001 0.0 0.2079 0.0999 0.2 0.8 0.5 0.7
0.001 0.001 0.0 0.2089 0.0999 0.2 0.8 0.5 0.7
0.001 0.001 0.0 0.2099 0.0999 0.2 0.8 0.5 0.7
0.001 0.001 0.0 0.2109 0.0999 0.2 0.8 0.5 0.7
0.001 0.001 0.0 0.2119 0.0999 0.2 0.8 0.5 0.7
0.001 0.001 0.0 0.2129 0.0999 0.2 0.8 0.5 0.7
0.001 0.001 0.0 0.2139 0.0999 0.2 0.8 0.5 0.7
0.001 0.001 0.0 0.2149 0.0999 0.2 0.8 0.5 0.7
0.001 0.001 0.0 0.2159 0.0999 0.2 0.8 0.5 0.7
0.001 0.001 0.0 0.2169 0.0999 0.2 0.8 0.5 0.7
0.001 0.001 0.0 0.2179 0.0999 0.2 0.8 0.5 0.7
0.001 0.001 0.0 0.2189 0.0999 0.2 0.8 0.5 0.7
0.001 0.001 0.0 0.21989999999999998 0.0999 0.2 0.8 0.5 0.7
0.001 0.001 0.0 0.22089999999999999 0.0999 0.2 0.8 0.5 0.7
0.001 0.001 0.0 0.2219 0.0999 0.2 0.8 0.5 0.7
0.001 0.001 0.0 0.2229 0.0999 0.2 0.8 0.5 0.7
0.001 0.001 0.0 0.2239 0.0999 0.2 0.8 0.5 0.7
0.001 0.001 0.0 0.2249 0.0999 0.2 0.8 0.5 0.7
0.001 0.001 0.0 0.2259 0.0999 0.2 0.8 0.5 0.7
0.001 0.001 0.0 0.2269 0.0999 0.2 0.8 0.5 0.7
0.001 0.001 0.0 0.2279 0.0999 0.2 0.8 0.5 0.7
0.001 0.001 0.0 0.2289 0.0999 0.2 0.8 0.5 0.7
0.001 0.001 0.0 0.2299 0.0999 0.2 0.8 0.5 0.7
0.001 0.001 0.0 0.2309 0.0999 0.2 0.8 0.5 0.7
0.001 0.001 0.0 0.2319 0.0999 0.2 0.8 0.5 0.7
0.001 0.001 0.0 0.2329 0.0999 0.2 0.8 0.5 0.7
0.001 0.001 0.0 0.2339 0.0999 0.2 0.8 0.5 0.7
0.001 0.001 0.0 0.2349 0.0999 0.2 0.8 0.5 0.7
0.001 0.001 0.0 0.2359 0.0999 0.2 0.8 0.5 0.7
0.001 0.001 0.0 0.2369 0.0999 0.2 0.8 0.5 0.7
0.001 0.001 0.0 0.2379 0.0999 0.2 0.8 0.5 0.7
0.001 0.001 0.0 0.2389 0.0999 0.2 0.8 0.5 0.7
0.001 0.001 0.0 0.2399 0.0999 0.2 0.8 0.5 0.7
0.001 0.001 0.0 0.2409 0.0999 0.2 0.8 0.5 0.7
0.001 0.001 0.0 0.2419 0.0999 0.2 0.8 0.5 0.7
0.001 0.001 0.0 0.2429 0.0999 0.2 0.8 0.5 0.7
0.001 0.001 0.0 0.2439 0.0999 0.2 0.8 0.5 0.7
0.001 0.001 0.0 0.2449 0.0999 0.2 0.8 0.5 0.7
0.001 0.001 0.0 0.2459 0.0999 0.2 0.8 0.5 0.7
0.001 0.001 0.0 0.2469 0.0999 0.2 0.8 0.5 0.7
0.001 0.001 0.0 0.2479 0.0999 0.2 0.8 0.5 0.7
0.001 0.001 0.0 0.2489 0.0999 0.2 0.8 0.5 0.7
0.001 0.001 0.0 0.2499 0.0999 0.2 0.8 0.5 0.7
0.001 0.001 0.0 0.2509 0.0999 0.2 0.8 0.5 0.7
0.001 0.001 0.0 0.2519 0.0999 0.2 0.8 0.5 0.7
0.001 0.001 0.0 0.2529 0.0999 0.2 0.8 0.5 0.7
0.001 0.001 0.0 0.2539 0.0999 0.2 0.8 0.5 0.7
0.001 0.001 0.0 0.2549 0.0999 0.2 0.8 0.5 0.7
0.001 0.001 0.0 0.2559 0.0999 0.2 0.8 0.5 0.7
0.001 0.001 0.0 0.2569 0.0999 0.2 0.8 0.5 0.7
0.001 0.001 0.0 0.2579 0.0999 0.2 0.8 0.5 0.7
0.001 0.001 0.0 0.2589 0.0999 0.2 0.8 0.5 0.7
0.001 0.001 0.0 0.2599 0.0999 0.2 0.8 0.5 0.7
0.001 0.001 0.0 0.2609 0.0999 0.2 0.8 0.5 0.7
0.001 0.001 0.0 0.2619 0.0999 0.2 0.8 0.5 0.7
0.001 0.001 0.0 0.2629 0.0999 0.2 0.8 0.5 0.7
0.001 0.001 0.0 0.2639 0.0999 0.2 0.8 0.5 0.7
0.001 0.001 0.0 0.2649 0.0999 0.2 0.8 0.5 0.7
0.001 0.001 0.0 0.2659 0.0999 0.2 0.8 0.5 0.7
0.001 0.001 0.0 0.2669 0.0999 0.2 0.8 0.5 0.7
0.001 0.001 0.0 0.2679 0.0999 0.2 0.8 0.5 0.7
0.001 0.001 0.0 0.26890000000000003 0.0999 0.2 0.8 0.5 0.7
0.001 0.001 0.0 0.26990000000000003 0.0999 0.2 0.8 0.5 0.7
0.001 0.001 0.0 0.27090000000000003 0.0999 0.2 0.8 0.5 0.7
0.001 0.001 0.0 0.27190000000000003 0.0999 0.2 0.8 0.5 0.7
0.001 0.001 0.0 0.27290000000000003 0.0999 0.2 0.8 0.5 0.7
0.001 0.001 0.0 0.27390000000000003 0.0999 0.2 0.8 0.5 0.7
0.001 0.001 0.0 0.27490000000000003 0.0999 0.2 0.8 0.5 0.7
0.001 0.001 0.0 0.2759 0.0999 0.2 0.8 0.5 0.7
0.001 0.001 0.0 0.2769 0.0999 0.2 0.8 0.5 0.7
0.001 0.001 0.0 0.2779 0.0999 0.2 0.8 0.5 0.7
0.001 0.001 0.0 0.2789 0.0999 0.2 0.8 0.5 0.7
0.001 0.001 0.0 0.2799 0.0999 0.2 0.8 0.5 0.7
0.001 0.001 0.0 0.2809 0.0999 0.2 0.8 0.5 0.7
0.001 0.001 0.0 0.2819 0.0999 0.2 0.8 0.5 0.7
0.001 0.001 0.0 0.2829 0.0999 0.2 0.8 0.5 0.7
0.001 0.001 0.0 0.2839 0.0999 0.2 0.8 0.5 0.7
0.001 0.001 0.0 0.2849 0.0999 0.2 0.8 0.5 0.7
0.001 0.001 0.0 0.2859 0.0999 0.2 0.8 0.5 0.7
0.001 0.001 0.0 0.2869 0.0999 0.2 0.8 0.5 0.7
0.001 0.001 0.0 0.2879 0.0999 0.2 0.8 0.5 0.7
0.001 0.001 0.0 0.2889 0.0999 0.2 0.8 0.5 0.7
0.001 0.001 0.0 0.2899 0.0999 0.2 0.8 0.5 0.7
0.001 0.001 0.0 0.2909 0.0999 0.2 0.8 0.5 0.7
0.001 0.001 0.0 0.2919 0.0999 0.2 0.8 0.5 0.7
0.001 0.001 0.0 0.2929 0.0999 0.2 0.8 0.5 0.7
0.001 0.001 0.0 0.2939 0.0999 0.2 0.8 0.5 0.7
0.001 0.001 0.0 0.2949 0.0999 0.2 0.8 0.5 0.7
0.001 0.001 0.0 0.2959 0.0999 0.2 0.8 0.5 0.7
0.001 0.001 0.0 0.2969 0.0999 0.2 0.8 0.5 0.7
0.001 0.001 0.0 0.2979 0.0999 0.2 0.8 0.5 0.7
0.001 0.001 0.0 0.2989 0.0999 0.2 0.8 0.5 0.7
0.001 0.001 0.0 0.2999 0.0999 0.2 0.8 0.5 0.7
0.001 0.001 0.0 0.3001 0.0999 0.2 0.8 0.5 0.7
0.001 0.001 0.0 0.3001 0.0999 0.2 0.8 0.5 0.7
0.001 0.001 0.0 0.3001 0.1009 0.2 0.8 0.5 0.7
0.001 0.001 0.0 0.3001 0.1019 0.2 0.8 0.5 0.7
0.001 0.001 0.0 0.3001 0.1029 0.2 0.8 0.5 0.7
0.001 0.001 0.0 0.3001 0.1039 0.2 0.8 0.5 0.7
0.001 0.001 0.0 0.3001 0.10490000000000001 0.2 0.8 0.5 0.7
0.001 0.001 0.0 0.3001 0.10590000000000001 0.2 0.8 0.5 0.7
0.001 0.001 0.0 0.3001 0.10690000000000001 0.2 0.8 0.5 0.7
0.001 0.001 0.0 0.3001 0.1079 0.2 0.8 0.5 0.7
0.001 0.001 0.0 0.3001 0.1089 0.2 0.8 0.5 0.7
0.001 0.001 0.0 0.3001 0.1099 0.2 0.8 0.5 0.7
0.001 0.001 0.0 0.3001 0.1109 0.2 0.8 0.5 0.7
0.001 0.001 0.0 0.3001 0.1119 0.2 0.8 0.5 0.7
0.001 0.001 0.0 0.3001 0.1129 0.2 0.8 0.5 0.7
0.001 0.001 0.0 0.3001 0.1139 0.2 0.8 0.5 0.7
0.001 0.001 0.0 0.3001 0.1149 0.2 0.8 0.5 0.7
0.001 0.001 0.0 0.3001 0.1159 0.2 0.8 0.5 0.7
0.001 0.001 0.0 0.3001 0.1169 0.2 0.8 0.5 0.7
0.001 0.001 0.0 0.3001 0.1179 0.2 0.8 0.5 0.7
0.001 0.001 0.0 0.3001 0.1189 0.2 0.8 0.5 0.7
0.001 0.001 0.0 0.3001 0.1199 0.2 0.8 0.5 0.7
0.001 0.001 0.0 0.3001 0.12090000000000001 0.2 0.8 0.5 0.7
0.001 0.001 0.0 0.3001 0.12190000000000001 0.2 0.8 0.5 0.7
0.001 0.001 0.0 0.3001 0.12290000000000001 0.2 0.8 0.5 0.7
0.001 0.001 0.0 0.3001 0.12390000000000001 0.2 0.8 0.5 0.7
0.001 0.001 0.0 0.3001 0.12490000000000001 0.2 0.8 0.5 0.7
0.001 0.001 0.0 0.3001 0.1259 0.2 0.8 0.5 0.7
0.001 0.001 0.0 0.3001 0.1269 0.2 0.8 0.5 0.7
0.001 0.001 0.0 0.3001 0.1279 0.2 0.8 0.5 0.7
0.001 0.001 0.0 0.3001 0.12890000000000001 0.2 0.8 0.5 0.7
0.001 0.001 0.0 0.3001 0.12990000000000002 0.2 0.8 0.5 0.7
0.001 0.001 0.0 0.3001 0.13090000000000002 0.2 0.8 0.5 0.7
0.001 0.001 0.0 0.3001 0.13190000000000002 0.2 0.8 0.5 0.7
0.001 0.001 0.0 0.3001 0.13290000000000002 0.2 0.8 0.5 0.7
0.001 0.001 0.0 0.3001 0.13390000000000002 0.2 0.8 0.5 0.7
0.001 0.001 0.0 0.3001 0.13490000000000002 0.2 0.8 0.5 0.7
0.001 0.001 0.0 0.3001 0.13590000000000002 0.2 0.8 0.5 0.7
0.001 0.001 0.0 0.3001 0.1369 0.2 0.8 0.5 0.7
0.001 0.001 0.0 0.3001 0.1379 0.2 0.8 0.5 0.7
0.001 0.001 0.0 0.3001 0.1389 0.2 0.8 0.5 0.7
0.001 0.001 0.0 0.3001 0.1399 0.2 0.8 0.5 0.7
0.001 0.001 0.0 0.3001 0.1409 0.2 0.8 0.5 0.7
0.001 0.001 0.0 0.3001 0.1419 0.2 0.8 0.5 0.7
0.001 0.001 0.0 0.3001 0.1429 0.2 0.8 0.5 0.7
0.001 0.001 0.0 0.3001 0.1439 0.2 0.8 0.5 0.7
0.001 0.001 0.0 0.3001 0.1449 0.2 0.8 0.5 0.7
0.001 0.001 0.0 0.3001 0.1459 0.2 0.8 0.5 0.7
0.001 0.001 0.0 0.3001 0.1469 0.2 0.8 0.5 0.7
0.001 0.001 0.0 0.3001 0.1479 0.2 0.8 0.5 0.7
0.001 0.001 0.0 0.3001 0.1489 0.2 0.8 0.5 0.7
0.001 0.001 0.0 0.3001 0.1499 0.2 0.8 0.5 0.7
0.001 0.001 0.0 0.3001 0.1509 0.2 0.8 0.5 0.7
0.001 0.001 0.0 0.3001 0.1519 0.2 0.8 0.5 0.7
0.001 0.001 0.0 0.3001 0.1529 0.2 0.8 0.5 0.7
0.001 0.001 0.0 0.3001 0.1539 0.2 0.8 0.5 0.7
0.001 0.001 0.0 0.3001 0.1549 0.2 0.8 0.5 0.7
0.001 0.001 0.0 0.3001 0.1559 0.2 0.8 0.5 0.7
0.001 0.001 0.0 0.3001 0.1569 0.2 0.8 0.5 0.7
0.001 0.001 0.0 0.3001 0.1579 0.2 0.8 0.5 0.7
0.001 0.001 0.0 0.3001 0.1589 0.2 0.8 0.5 0.7
0.001 0.001 0.0 0.3001 0.1599 0.2 0.8 0.5 0.7
0.001 0.001 0.0 0.3001 0.1609 0.2 0.8 0.5 0.7
0.001 0.001 0.0 0.3001 0.1619 0.2 0.8 0.5 0.7
0.001 0.001 0.0 0.3001 0.1629 0.2 0.8 0.5 0.7
0.001 0.001 0.0 0.3001 0.1639 0.2 0.8 0.5 0.7
0.001 0.001 0.0 0.3001 0.1649 0.2 0.8 0.5 0.7
0.001 0.001 0.0 0.3001 0.1659 0.2 0.8 0.5 0.7
0.001 0.001 0.0 0.3001 0.1669 0.2 0.8 0.5 0.7
0.001 0.001 0.0 0.3001 0.1679 0.2 0.8 0.5 0.7
0.001 0.001 0.0 0.3001 0.1689 0.2 0.8 0.5 0.7
0.001 0.001 0.0 0.3001 0.1699 0.2 0.8 0.5 0.7
0.001 0.001 0.0 0.3001 0.1709 0.2 0.8 0.5 0.7
0.001 0.001 0.0 0.3001 0.1719 0.2 0.8 0.5 0.7
0.001 0.001 0.0 0.3001 0.1729 0.2 0.8 0.5 0.7
0.001 0.001 0.0 0.3001 0.1739 0.2 0.8 0.5 0.7
0.001 0.001 0.0 0.3001 0.1749 0.2 0.8 0.5 0.7
0.001 0.001 0.0 0.3001 0.1759 0.2 0.8 0.5 0.7
0.001 0.001 0.0 0.3001 0.1769 0.2 0.8 0.5 0.7
0.001 0.001 0.0 0.3001 0.1779 0.2 0.8 0.5 0.7
0.001 0.001 0.0 0.3001 0.1789 0.2 0.8 0.5 0.7
0.001 0.001 0.0 0.3001 0.1799 0.2 0.8 0.5 0.7
0.001 0.001 0.0 0.3001 0.1809 0.2 0.8 0.5 0.7
0.001 0.001 0.0 0.3001 0.1819 0.2 0.8 0.5 0.7
0.001 0.001 0.0 0.3001 0.1829 0.2 0.8 0.5 0.7
0.001 0.001 0.0 0.3001 0.1839 0.2 0.8 0.5 0.7
0.001 0.001 0.0 0.3001 0.1849 0.2 0.8 0.5 0.7
0.001 0.001 0.0 0.3001 0.1859 0.2 0.8 0.5 0.7
0.001 0.001 0.0 0.3001 0.1869 0.2 0.8 0.5 0.7
0.001 0.001 0.0 0.3001 0.1879 0.2 0.8 0.5 0.7
0.001 0.001 0.0 0.3001 0.1889 0.2 0.8 0.5 0.7
0.001 0.001 0.0 0.3001 0.1899 0.2 0.8 0.5 0.7
0.001 0.001 0.0 0.3001 0.19090000000000001 0.2 0.8 0.5 0.7
0.001 0.001 0.0 0.3001 0.19190000000000002 0.2 0.8 0.5 0.7
0.001 0.001 0.0 0.3001 0.19290000000000002 0.2 0.8 0.5 0.7
0.001 0.001 0.0 0.3001 0.19390000000000002 0.2 0.8 0.5 0.7
0.001 0.001 0.0 0.3001 0.19490000000000002 0.2 0.8 0.5 0.7
0.001 0.001 0.0 0.3001 0.19590000000000002 0.2 0.8 0.5 0.7
0.001 0.001 0.0 0.3001 0.19690000000000002 0.2 0.8 0.5 0.7
0.001 0.001 0.0 0.3001 0.19790000000000002 0.2 0.8 0.5 0.7
0.001 0.001 0.0 0.3001 0.19890000000000002 0.2 0.8 0.5 0.7
0.001 0.001 0.0 0.3001 0.19990000000000002 0.2 0.8 0.5 0.7
0.001 0.001 0.0 0.3001 0.20090000000000002 0.2 0.8 0.5 0.7
0.001 0.001 0.0 0.3001 0.20190000000000002 0.2 0.8 0.5 0.7
0.001 0.001 0.0 0.3001 0.20290000000000002 0.2 0.8 0.5 0.7
0.001 0.001 0.0 0.3001 0.20390000000000003 0.2 0.8 0.5 0.7
0.001 0.001 0.0 0.3001 0.2049 0.2 0.8 0.5 0.7
0.001 0.001 0.0 0.3001 0.2059 0.2 0.8 0.5 0.7
0.001 0.001 0.0 0.3001 0.2069 0.2 0.8 0.5 0.7
0.001 0.001 0.0 0.3001 0.2079 0.2 0.8 0.5 0.7
0.001 0.001 0.0 0.3001 0.2089 0.2 0.8 0.5 0.7
0.001 0.001 0.0 0.3001 0.2099 0.2 0.8 0.5 0.7
0.001 0.001 0.0 0.3001 0.2109 0.2 0.8 0.5 0.7
0.001 0.001 0.0 0.3001 0.2119 0.2 0.8 0.5 0.7
0.001 0.001 0.0 0.3001 0.2129 0.2 0.8 0.5 0.7
0.001 0.001 0.0 0.3001 0.2139 0.2 0.8 0.5 0.7
0.001 0.001 0.0 0.3001 0.2149 0.2 0.8 0.5 0.7
0.001 0.001 0.0 0.3001 0.2159 0.2 0.8 0.5 0.7
0.001 0.001 0.0 0.3001 0.2169 0.2 0.8 0.5 0.7
0.001 0.001 0.0 0.3001 0.2179 0.2 0.8 0.5 0.7
0.001 0.001 0.0 0.3001 0.2189 0.2 0.8 0.5 0.7
0.001 0.001 0.0 0.3001 0.21989999999999998 0.2 0.8 0.5 0.7
0.001 0.001 0.0 0.3001 0.22089999999999999 0.2 0.8 0.5 0.7
0.001 0.001 0.0 0.3001 0.2219 0.2 0.8 0.5 0.7
0.001 0.001 0.0 0.3001 0.2229 0.2 0.8 0.5 0.7
0.001 0.001 0.0 0.3001 0.2239 0.2 0.8 0.5 0.7
0.001 0.001 0.0 0.3001 0.2249 0.2 0.8 0.5 0.7
0.001 0.001 0.0 0.3001 0.2259 0.2 0.8 0.5 0.7
0.001 0.001 0.0 0.3001 0.2269 0.2 0.8 0.5 0.7
0.001 0.001 0.0 0.3001 0.2279 0.2 0.8 0.5 0.7
0.001 0.001 0.0 0.3001 0.2289 0.2 0.8 0.5 0.7
0.001 0.001 0.0 0.3001 0.2299 0.2 0.8 0.5 0.7
0.001 0.001 0.0 0.3001 0.2309 0.2 0.8 0.5 0.7
0.001 0.001 0.0 0.3001 0.2319 0.2 0.8 0.5 0.7
0.001 0.001 0.0 0.3001 0.2329 0.2 0.8 0.5 0.7
0.001 0.001 0.0 0.3001 0.2339 0.2 0.8 0.5 0.7
0.001 0.001 0.0 0.3001 0.2349 0.2 0.8 0.5 0.7
0.001 0.001 0.0 0.3001 0.2359 0.2 0.8 0.5 0.7
0.001 0.001 0.0 0.3001 0.2369 0.2 0.8 0.5 0.7
0.001 0.001 0.0 0.3001 0.2379 0.2 0.8 0.5 0.7
0.001 0.001 0.0 0.3001 0.2389 0.2 0.8 0.5 0.7
0.001 0.001 0.0 0.3001 0.2399 0.2 0.8 0.5 0.7
0.001 0.001 0.0 0.3001 0.2409 0.2 0.8 0.5 0.7
0.001 0.001 0.0 0.3001 0.2419 0.2 0.8 0.5 0.7
0.001 0.001 0.0 0.3001 0.2429 0.2 0.8 0.5 0.7
0.001 0.001 0.0 0.3001 0.2439 0.2 0.8 0.5 0.7
0.001 0.001 0.0 0.3001 0.2449 0.2 0.8 0.5 0.7
0.001 0.001 0.0 0.3001 0.2459 0.2 0.8 0.5 0.7
0.001 0.001 0.0 0.3001 0.2469 0.2 0.8 0.5 0.7
0.001 0.001 0.0 0.3001 0.2479 0.2 0.8 0.5 0.7
0.001 0.001 0.0 0.3001 0.2489 0.2 0.8 0.5 0.7
0.001 0.001 0.0 0.3001 0.2499 0.2 0.8 0.5 0.7
0.001 0.001 0.0 0.3001 0.2509 0.2 0.8 0.5 0.7
0.001 0.001 0.0 0.3001 0.2519 0.2 0.8 0.5 0.7
0.001 0.001 0.0 0.3001 0.2529 0.2 0.8 0.5 0.7
0.001 0.001 0.0 0.3001 0.2539 0.2 0.8 0.5 0.7
0.001 0.001 0.0 0.3001 0.2549 0.2 0.8 0.5 0.7
0.001 0.001 0.0 0.3001 0.2559 0.2 0.8 0.5 0.7
0.001 0.001 0.0 0.3001 0.2569 0.2 0.8 0.5 0.7
0.001 0.001 0.0 0.3001 0.2579 0.2 0.8 0.5 0.7
0.001 0.001 0.0 0.3001 0.2589 0.2 0.8 0.5 0.7
0.001 0.001 0.0 0.3001 0.2599 0.2 0.8 0.5 0.7
0.001 0.001 0.0 0.3001 0.2609 0.2 0.8 0.5 0.7
0.001 0.001 0.0 0.3001 0.2619 0.2 0.8 0.5 0.7
0.001 0.001 0.0 0.3001 0.2629 0.2 0.8 0.5 0.7
0.001 0.001 0.0 0.3001 0.2639 0.2 0.8 0.5 0.7
0.001 0.001 0.0 0.3001 0.2649 0.2 0.8 0.5 0.7
0.001 0.001 0.0 0.3001 0.2659 0.2 0.8 0.5 0.7
0.001 0.001 0.0 0.3001 0.2669 0.2 0.8 0.5 0.7
0.001 0.001 0.0 0.3001 0.2679 0.2 0.8 0.5 0.7
0.001 0.001 0.0 0.3001 0.26890000000000003 0.2 0.8 0.5 0.7
0.001 0.001 0.0 0.3001 0.26990000000000003 0.2 0.8 0.5 0.7
0.001 0.001 0.0 0.3001 0.27090000000000003 0.2 0.8 0.5 0.7
0.001 0.001 0.0 0.3001 0.27190000000000003 0.2 0.8 0.5 0.7
0.001 0.001 0.0 0.3001 0.27290000000000003 0.2 0.8 0.5 0.7
0.001 0.001 0.0 0.3001 0.27390000000000003 0.2 0.8 0.5 0.7
0.001 0.001 0.0 0.3001 0.27490000000000003 0.2 0.8 0.5 0.7
0.001 0.001 0.0 0.3001 0.2759 0.2 0.8 0.5 0.7
0.001 0.001 0.0 0.3001 0.2769 0.2 0.8 0.5 0.7
0.001 0.001 0.0 0.3001 0.2779 0.2 0.8 0.5 0.7
0.001 0.001 0.0 0.3001 0.2789 0.2 0.8 0.5 0.7
0.001 0.001 0.0 0.3001 0.2799 0.2 0.8 0.5 0.7
0.001 0.001 0.0 0.3001 0.2809 0.2 0.8 0.5 0.7
0.001 0.001 0.0 0.3001 0.2819 0.2 0.8 0.5 0.7
0.001 0.001 0.0 0.3001 0.2829 0.2 0.8 0.5 0.7
0.001 0.001 0.0 0.3001 0.2839 0.2 0.8 0.5 0.7
0.001 0.001 0.0 0.3001 0.2849 0.2 0.8 0.5 0.7
0.001 0.001 0.0 0.3001 0.2859 0.2 0.8 0.5 0.7
0.001 0.001 0.0 0.3001 0.2869 0.2 0.8 0.5 0.7
0.001 0.001 0.0 0.3001 0.2879 0.2 0.8 0.5 0.7
0.001 0.001 0.0 0.3001 0.2889 0.2 0.8 0.5 0.7
0.001 0.001 0.0 0.3001 0.2899 0.2 0.8 0.5 0.7
0.001 0.001 0.0 0.3001 0.2909 0.2 0.8 0.5 0.7
0.001 0.001 0.0 0.3001 0.2919 0.2 0.8 0.5 0.7
0.001 0.001 0.0 0.3001 0.2929 0.2 0.8 0.5 0.7
0.001 0.001 0.0 0.3001 0.2939 0.2 0.8 0.5 0.7
0.001 0.001 0.0 0.3001 0.2949 0.2 0.8 0.5 0.7
0.001 0.001 0.0 0.3001 0.2959 0.2 0.8 0.5 0.7
0.001 0.001 0.0 0.3001 0.2969 0.2 0.8 0.5 0.7
0.001 0.001 0.0 0.3001 0.2979 0.2 0.8 0.5 0.7
0.001 0.001 0.0 0.3001 0.2989 0.2 0.8 0.5 0.7
0.001 0.001 0.0 0.3001 0.2999 0.2 0.8 0.5 0.7
0.001 0.001 0.0 0.3001 0.3001 0.2 0.8 0.5 0.7
0.001 0.001 0.0 0.3001 0.3001 0.2 0.8 0.5 0.7
0.001 0.001 0.0 0.3001 0.3011 0.2 0.8 0.5 0.7
0.001 0.001 0.0 0.3001 0.3021 0.2 0.8 0.5 0.7
0.001 0.001 0.0 0.3001 0.3031 0.2 0.8 0.5 0.7
0.001 0.001 0.0 0.3001 0.3041 0.2 0.8 0.5 0.7
0.001 0.001 0.0 0.3001 0.3051 0.2 0.8 0.5 0.7
0.001 0.001 0.0 0.3001 0.3061 0.2 0.8 0.5 0.7
0.001 0.001 0.0 0.3001 0.3071 0.2 0.8 0.5 0.7
0.001 0.001 0.0 0.3001 0.3081 0.2 0.8 0.5 0.7
0.001 0.001 0.0 0.3001 0.3091 0.2 0.8 0.5 0.7
0.001 0.001 0.0 0.3001 0.3101 0.2 0.8 0.5 0.7
0.001 0.001 0.0 0.3001 0.3111 0.2 0.8 0.5 0.7
0.001 0.001 0.0 0.3001 0.3121 0.2 0.8 0.5 0.7
0.001 0.001 0.0 0.3001 0.3131 0.2 0.8 0.5 0.7
0.001 0.001 0.0 0.3001 0.3141 0.2 0.8 0.5 0.7
0.001 0.001 0.0 0.3001 0.3151 0.2 0.8 0.5 0.7
0.001 0.001 0.0 0.3001 0.3161 0.2 0.8 0.5 0.7
0.001 0.001 0.0 0.3001 0.3171 0.2 0.8 0.5 0.7
0.001 0.001 0.0 0.3001 0.3181 0.2 0.8 0.5 0.7
0.001 0.001 0.0 0.3001 0.3191 0.2 0.8 0.5 0.7
0.001 0.001 0.0 0.3001 0.3201 0.2 0.8 0.5 0.7
0.001 0.001 0.0 0.3001 0.3211 0.2 0.8 0.5 0.7
0.001 0.001 0.0 0.3001 0.3221 0.2 0.8 0.5 0.7
0.001 0.001 0.0 0.3001 0.3231 0.2 0.8 0.5 0.7
0.001 0.001 0.0 0.3001 0.3241 0.2 0.8 0.5 0.7
0.001 0.001 0.0 0.3001 0.3251 0.2 0.8 0.5 0.7
0.001 0.001 0.0 0.3001 0.3261 0.2 0.8 0.5 0.7
0.001 0.001 0.0 0.3001 0.3271 0.2 0.8 0.5 0.7
0.001 0.001 0.0 0.3001 0.3281 0.2 0.8 0.5 0.7
0.001 0.001 0.0 0.3001 0.3291 0.2 0.8 0.5 0.7
0.001 0.001 0.0 0.3001 0.33009999999999995 0.2 0.8 0.5 0.7
0.001 0.001 0.0 0.3001 0.33109999999999995 0.2 0.8 0.5 0.7
0.001 0.001 0.0 0.3001 0.33209999999999995 0.2 0.8 0.5 0.7
0.001 0.001 0.0 0.3001 0.33309999999999995 0.2 0.8 0.5 0.7
0.001 0.001 0.0 0.3001 0.33409999999999995 0.2 0.8 0.5 0.7
0.001 0.001 0.0 0.3001 0.33509999999999995 0.2 0.8 0.5 0.7
0.001 0.001 0.0 0.3001 0.33609999999999995 0.2 0.8 0.5 0.7
0.001 0.001 0.0 0.3001 0.33709999999999996 0.2 0.8 0.5 0.7
0.001 0.001 0.0 0.3001 0.33809999999999996 0.2 0.8 0.5 0.7
0.001 0.001 0.0 0.3001 0.33909999999999996 0.2 0.8 0.5 0.7
0.001 0.001 0.0 0.3001 0.34009999999999996 0.2 0.8 0.5 0.7
0.001 0.001 0.0 0.3001 0.34109999999999996 0.2 0.8 0.5 0.7
0.001 0.001 0.0 0.3001 0.34209999999999996 0.2 0.8 0.5 0.7
0.001 0.001 0.0 0.3001 0.34309999999999996 0.2 0.8 0.5 0.7
0.001 0.001 0.0 0.3001 0.34409999999999996 0.2 0.8 0.5 0.7
0.001 0.001 0.0 0.3001 0.34509999999999996 0.2 0.8 0.5 0.7
0.001 0.001 0.0 0.3001 0.34609999999999996 0.2 0.8 0.5 0.7
0.001 0.001 0.0 0.3001 0.34709999999999996 0.2 0.8 0.5 0.7
0.001 0.001 0.0 0.3001 0.34809999999999997 0.2 0.8 0.5 0.7
0.001 0.001 0.0 0.3001 0.34909999999999997 0.2 0.8 0.5 0.7
0.001 0.001 0.0 0.3001 0.35009999999999997 0.2 0.8 0.5 0.7
0.001 0.001 0.0 0.3001 0.35109999999999997 0.2 0.8 0.5 0.7
0.001 0.001 0.0 0.3001 0.35209999999999997 0.2 0.8 0.5 0.7
0.001 0.001 0.0 0.3001 0.35309999999999997 0.2 0.8 0.5 0.7
0.001 0.001 0.0 0.3001 0.35409999999999997 0.2 0.8 0.5 0.7
0.001 0.001 0.0 0.3001 0.35509999999999997 0.2 0.8 0.5 0.7
0.001 0.001 0.0 0.3001 0.35609999999999997 0.2 0.8 0.5 0.7
0.001 0.001 0.0 0.3001 0.3571 0.2 0.8 0.5 0.7
0.001 0.001 0.0 0.3001 0.3581 0.2 0.8 0.5 0.7
0.001 0.001 0.0 0.3001 0.3591 0.2 0.8 0.5 0.7
0.001 0.001 0.0 0.3001 0.3601 0.2 0.8 0.5 0.7
0.001 0.001 0.0 0.3001 0.3611 0.2 0.8 0.5 0.7
0.001 0.001 0.0 0.3001 0.3621 0.2 0.8 0.5 0.7
0.001 0.001 0.0 0.3001 0.3631 0.2 0.8 0.5 0.7
0.001 0.001 0.0 0.3001 0.3641 0.2 0.8 0.5 0.7
0.001 0.001 0.0 0.3001 0.3651 0.2 0.8 0.5 0.7
0.001 0.001 0.0 0.3001 0.3661 0.2 0.8 0.5 0.7
0.001 0.001 0.0 0.3001 0.3671 0.2 0.8 0.5 0.7
0.001 0.001 0.0 0.3001 0.3681 0.2 0.8 0.5 0.7
0.001 0.001 0.0 0.3001 0.3691 0.2 0.8 0.5 0.7
0.001 0.001 0.0 0.3001 0.3701 0.2 0.8 0.5 0.7
0.001 0.001 0.0 0.3001 0.3711 0.2 0.8 0.5 0.7
0.001 0.001 0.0 0.3001 0.3721 0.2 0.8 0.5 0.7
0.001 0.001 0.0 0.3001 0.3731 0.2 0.8 0.5 0.7
0.001 0.001 0.0 0.3001 0.3741 0.2 0.8 0.5 0.7
0.001 0.001 0.0 0.3001 0.3751 0.2 0.8 0.5 0.7
0.001 0.001 0.0 0.3001 0.3761 0.2 0.8 0.5 0.7
0.001 0.001 0.0 0.3001 0.3771 0.2 0.8 0.5 0.7
0.001 0.001 0.0 0.3001 0.3781 0.2 0.8 0.5 0.7
0.001 0.001 0.0 0.3001 0.3791 0.2 0.8 0.5 0.7
0.001 0.001 0.0 0.3001 0.3801 0.2 0.8 0.5 0.7
0.001 0.001 0.0 0.3001 0.3811 0.2 0.8 0.5 0.7
0.001 0.001 0.0 0.3001 0.3821 0.2 0.8 0.5 0.7
0.001 0.001 0.0 0.3001 0.3831 0.2 0.8 0.5 0.7
0.001 0.001 0.0 0.3001 0.3841 0.2 0.8 0.5 0.7
0.001 0.001 0.0 0.3001 0.3851 0.2 0.8 0.5 0.7
0.001 0.001 0.0 0.3001 0.3861 0.2 0.8 0.5 0.7
0.001 0.001 0.0 0.3001 0.3871 0.2 0.8 0.5 0.7
0.001 0.001 0.0 0.3001 0.3881 0.2 0.8 0.5 0.7
0.001 0.001 0.0 0.3001 0.3891 0.2 0.8 0.5 0.7
0.001 0.001 0.0 0.3001 0.3901 0.2 0.8 0.5 0.7
0.001 0.001 0.0 0.3001 0.3911 0.2 0.8 0.5 0.7
0.001 0.001 0.0 0.3001 0.3921 0.2 0.8 0.5 0.7
0.001 0.001 0.0 0.3001 0.3931 0.2 0.8 0.5 0.7
0.001 0.001 0.0 0.3001 0.3941 0.2 0.8 0.5 0.7
0.001 0.001 0.0 0.3001 0.3951 0.2 0.8 0.5 0.7
0.001 0.001 0.0 0.3001 0.3961 0.2 0.8 0.5 0.7
0.001 0.001 0.0 0.3001 0.3971 0.2 0.8 0.5 0.7
0.001 0.001 0.0 0.3001 0.3981 0.2 0.8 0.5 0.7
0.001 0.001 0.0 0.3001 0.3991 0.2 0.8 0.5 0.7
0.001 0.001 0.0 0.3001 0.4001 0.2 0.8 0.5 0.7
0.001 0.001 0.0 0.3001 0.4011 0.2 0.8 0.5 0.7
0.001 0.001 0.0 0.3001 0.4021 0.2 0.8 0.5 0.7
0.001 0.001 0.0 0.3001 0.4031 0.2 0.8 0.5 0.7
0.001 0.001 0.0 0.3001 0.4041 0.2 0.8 0.5 0.7
0.001 0.001 0.0 0.3001 0.40509999999999996 0.2 0.8 0.5 0.7
0.001 0.001 0.0 0.3001 0.40609999999999996 0.2 0.8 0.5 0.7
0.001 0.001 0.0 0.3001 0.40709999999999996 0.2 0.8 0.5 0.7
0.001 0.001 0.0 0.3001 0.40809999999999996 0.2 0.8 0.5 0.7
0.001 0.001 0.0 0.3001 0.40909999999999996 0.2 0.8 0.5 0.7
0.001 0.001 0.0 0.3001 0.41009999999999996 0.2 0.8 0.5 0.7
0.001 0.001 0.0 0.3001 0.41109999999999997 0.2 0.8 0.5 0.7
0.001 0.001 0.0 0.3001 0.41209999999999997 0.2 0.8 0.5 0.7
0.001 0.001 0.0 0.3001 0.41309999999999997 0.2 0.8 0.5 0.7
0.001 0.001 0.0 0.3001 0.41409999999999997 0.2 0.8 0.5 0.7
0.001 0.001 0.0 0.3001 0.41509999999999997 0.2 0.8 0.5 0.7
0.001 0.001 0.0 0.3001 0.41609999999999997 0.2 0.8 0.5 0.7
0.001 0.001 0.0 0.3001 0.41709999999999997 0.2 0.8 0.5 0.7
0.001 0.001 0.0 0.3001 0.41809999999999997 0.2 0.8 0.5 0.7
0.001 0.001 0.0 0.3001 0.4191 0.2 0.8 0.5 0.7
0.001 0.001 0.0 0.3001 0.4201 0.2 0.8 0.5 0.7
0.001 0.001 0.0 0.3001 0.4211 0.2 0.8 0.5 0.7
0.001 0.001 0.0 0.3001 0.4221 0.2 0.8 0.5 0.7
0.001 0.001 0.0 0.3001 0.4231 0.2 0.8 0.5 0.7
0.001 0.001 0.0 0.3001 0.4241 0.2 0.8 0.5 0.7
0.001 0.001 0.0 0.3001 0.4251 0.2 0.8 0.5 0.7
0.001 0.001 0.0 0.3001 0.4261 0.2 0.8 0.5 0.7
0.001 0.001 0.0 0.3001 0.4271 0.2 0.8 0.5 0.7
0.001 0.001 0.0 0.3001 0.4281 0.2 0.8 0.5 0.7
0.001 0.001 0.0 0.3001 0.4291 0.2 0.8 0.5 0.7
0.001 0.001 0.0 0.3001 0.4301 0.2 0.8 0.5 0.7
0.001 0.001 0.0 0.3001 0.4311 0.2 0.8 0.5 0.7
0.001 0.001 0.0 0.3001 0.4321 0.2 0.8 0.5 0.7
0.001 0.001 0.0 0.3001 0.4331 0.2 0.8 0.5 0.7
0.001 0.001 0.0 0.3001 0.4341 0.2 0.8 0.5 0.7
0.001 0.001 0.0 0.3001 0.4351 0.2 0.8 0.5 0.7
0.001 0.001 0.0 0.3001 0.4361 0.2 0.8 0.5 0.7
0.001 0.001 0.0 0.3001 0.4371 0.2 0.8 0.5 0.7
0.001 0.001 0.0 0.3001 0.4381 0.2 0.8 0.5 0.7
0.001 0.001 0.0 0.3001 0.4391 0.2 0.8 0.5 0.7
0.001 0.001 0.0 0.3001 0.4401 0.2 0.8 0.5 0.7
0.001 0.001 0.0 0.3001 0.4411 0.2 0.8 0.5 0.7
0.001 0.001 0.0 0.3001 0.4421 0.2 0.8 0.5 0.7
0.001 0.001 0.0 0.3001 0.4431 0.2 0.8 0.5 0.7
0.001 0.001 0.0 0.3001 0.4441 0.2 0.8 0.5 0.7
0.001 0.001 0.0 0.3001 0.44509999999999994 0.2 0.8 0.5 0.7
0.001 0.001 0.0 0.3001 0.44609999999999994 0.2 0.8 0.5 0.7
0.001 0.001 0.0 0.3001 0.44709999999999994 0.2 0.8 0.5 0.7
0.001 0.001 0.0 0.3001 0.44809999999999994 0.2 0.8 0.5 0.7
0.001 0.001 0.0 0.3001 0.44909999999999994 0.2 0.8 0.5 0.7
0.001 0.001 0.0 0.3001 0.45009999999999994 0.2 0.8 0.5 0.7
0.001 0.001 0.0 0.3001 0.45109999999999995 0.2 0.8 0.5 0.7
0.001 0.001 0.0 0.3001 0.45209999999999995 0.2 0.8 0.5 0.7
0.001 0.001 0.0 0.3001 0.45309999999999995 0.2 0.8 0.5 0.7
0.001 0.001 0.0 0.3001 0.45409999999999995 0.2 0.8 0.5 0.7
0.001 0.001 0.0 0.3001 0.45509999999999995 0.2 0.8 0.5 0.7
0.001 0.001 0.0 0.3001 0.45609999999999995 0.2 0.8 0.5 0.7
0.001 0.001 0.0 0.3001 0.45709999999999995 0.2 0.8 0.5 0.7
0.001 0.001 0.0 0.3001 0.45809999999999995 0.2 0.8 0.5 0.7
0.001 0.001 0.0 0.3001 0.45909999999999995 0.2 0.8 0.5 0.7
0.001 0.001 0.0 0.3001 0.46009999999999995 0.2 0.8 0.5 0.7
0.001 0.001 0.0 0.3001 0.46109999999999995 0.2 0.8 0.5 0.7
0.001 0.001 0.0 0.3001 0.46209999999999996 0.2 0.8 0.5 0.7
0.001 0.001 0.0 0.3001 0.46309999999999996 0.2 0.8 0.5 0.7
0.001 0.001 0.0 0.3001 0.46409999999999996 0.2 0.8 0.5 0.7
0.001 0.001 0.0 0.3001 0.46509999999999996 0.2 0.8 0.5 0.7
0.001 0.001 0.0 0.3001 0.46609999999999996 0.2 0.8 0.5 0.7
0.001 0.001 0.0 0.3001 0.46709999999999996 0.2 0.8 0.5 0.7
0.001 0.001 0.0 0.3001 0.46809999999999996 0.2 0.8 0.5 0.7
0.001 0.001 0.0 0.3001 0.46909999999999996 0.2 0.8 0.5 0.7
0.001 0.001 0.0 0.3001 0.47009999999999996 0.2 0.8 0.5 0.7
0.001 0.001 0.0 0.3001 0.47109999999999996 0.2 0.8 0.5 0.7
0.001 0.001 0.0 0.3001 0.47209999999999996 0.2 0.8 0.5 0.7
0.001 0.001 0.0 0.3001 0.47309999999999997 0.2 0.8 0.5 0.7
0.001 0.001 0.0 0.3001 0.47409999999999997 0.2 0.8 0.5 0.7
0.001 0.001 0.0 0.3001 0.47509999999999997 0.2 0.8 0.5 0.7
0.001 0.001 0.0 0.3001 0.47609999999999997 0.2 0.8 0.5 0.7
0.001 0.001 0.0 0.3001 0.47709999999999997 0.2 0.8 0.5 0.7
0.001 0.001 0.0 0.3001 0.47809999999999997 0.2 0.8 0.5 0.7
0.001 0.001 0.0 0.3001 0.47909999999999997 0.2 0.8 0.5 0.7
0.001 0.001 0.0 0.3001 0.48009999999999997 0.2 0.8 0.5 0.7
0.001 0.001 0.0 0.3001 0.48109999999999997 0.2 0.8 0.5 0.7
0.001 0.001 0.0 0.3001 0.4821 0.2 0.8 0.5 0.7
0.001 0.001 0.0 0.3001 0.4831 0.2 0.8 0.5 0.7
0.001 0.001 0.0 0.3001 0.4841 0.2 0.8 0.5 0.7
0.001 0.001 0.0 0.3001 0.4851 0.2 0.8 0.5 0.7
0.001 0.001 0.0 0.3001 0.4861 0.2 0.8 0.5 0.7
0.001 0.001 0.0 0.3001 0.4871 0.2 0.8 0.5 0.7
0.001 0.001 0.0 0.3001 0.4881 0.2 0.8 0.5 0.7
0.001 0.001 0.0 0.3001 0.4891 0.2 0.8 0.5 0.7
0.001 0.001 0.0 0.3001 0.4901 0.2 0.8 0.5 0.7
0.001 0.001 0.0 0.3001 0.4911 0.2 0.8 0.5 0.7
0.001 0.001 0.0 0.3001 0.4921 0.2 0.8 0.5 0.7
0.001 0.001 0.0 0.3001 0.4931 0.2 0.8 0.5 0.7
0.001 0.001 0.0 0.3001 0.4941 0.2 0.8 0.5 0.7
0.001 0.001 0.0 0.3001 0.4951 0.2 0.8 0.5 0.7
0.001 0.001 0.0 0.3001 0.4961 0.2 0.8 0.5 0.7
0.001 0.001 0.0 0.3001 0.4971 0.2 0.8 0.5 0.7
0.001 0.001 0.0 0.3001 0.4981 0.2 0.8 0.5 0.7
0.001 0.001 0.0 0.3001 0.4991 0.2 0.8 0.5 0.7
0.001 0.001 0.0 0.3001 0.5001 0.2 0.8 0.5 0.7
0.001 0.001 0.0 0.3001 0.5011 0.2 0.8 0.5 0.7
0.001 0.001 0.0 0.3001 0.5021 0.2 0.8 0.5 0.7
0.001 0.001 0.0 0.3001 0.5031 0.2 0.8 0.5 0.7
0.001 0.001 0.0 0.3001 0.5041 0.2 0.8 0.5 0.7
0.001 0.001 0.0 0.3001 0.5051 0.2 0.8 0.5 0.7
0.001 0.001 0.0 0.3001 0.5061 0.2 0.8 0.5 0.7
0.001 0.001 0.0 0.3001 0.5071 0.2 0.8 0.5 0.7
0.001 0.001 0.0 0.3001 0.5081 0.2 0.8 0.5 0.7
0.001 0.001 0.0 0.3001 0.5091 0.2 0.8 0.5 0.7
0.001 0.001 0.0 0.3001 0.5101 0.2 0.8 0.5 0.7
0.001 0.001 0.0 0.3001 0.5111 0.2 0.8 0.5 0.7
0.001 0.001 0.0 0.3001 0.5121 0.2 0.8 0.5 0.7
0.001 0.001 0.0 0.3001 0.5131 0.2 0.8 0.5 0.7
0.001 0.001 0.0 0.3001 0.5141 0.2 0.8 0.5 0.7
0.001 0.001 0.0 0.3001 0.5151 0.2 0.8 0.5 0.7
0.001 0.001 0.0 0.3001 0.5161 0.2 0.8 0.5 0.7
0.001 0.001 0.0 0.3001 0.5171 0.2 0.8 0.5 0.7
0.001 0.001 0.0 0.3001 0.5181 0.2 0.8 0.5 0.7
0.001 0.001 0.0 0.3001 0.5191 0.2 0.8 0.5 0.7
0.001 0.001 0.0 0.3001 0.5201 0.2 0.8 0.5 0.7
0.001 0.001 0.0 0.3001 0.5211 0.2 0.8 0.5 0.7
0.001 0.001 0.0 0.3001 0.5221 0.2 0.8 0.5 0.7
0.001 0.001 0.0 0.3001 0.5231 0.2 0.8 0.5 0.7
0.001 0.001 0.0 0.3001 0.5241 0.2 0.8 0.5 0.7
0.001 0.001 0.0 0.3001 0.5251 0.2 0.8 0.5 0.7
0.001 0.001 0.0 0.3001 0.5261 0.2 0.8 0.5 0.7
0.001 0.001 0.0 0.3001 0.5271 0.2 0.8 0.5 0.7
0.001 0.001 0.0 0.3001 0.5281 0.2 0.8 0.5 0.7
0.001 0.001 0.0 0.3001 0.5291 0.2 0.8 0.5 0.7
0.001 0.001 0.0 0.3001 0.5301 0.2 0.8 0.5 0.7
0.001 0.001 0.0 0.3001 0.5311 0.2 0.8 0.5 0.7
0.001 0.001 0.0 0.3001 0.5321 0.2 0.8 0.5 0.7
0.001 0.001 0.0 0.3001 0.5331 0.2 0.8 0.5 0.7
0.001 0.001 0.0 0.3001 0.5341 0.2 0.8 0.5 0.7
0.001 0.001 0.0 0.3001 0.5351 0.2 0.8 0.5 0.7
0.001 0.001 0.0 0.3001 0.5361 0.2 0.8 0.5 0.7
0.001 0.001 0.0 0.3001 0.5371 0.2 0.8 0.5 0.7
0.001 0.001 0.0 0.3001 0.5381 0.2 0.8 0.5 0.7
0.001 0.001 0.0 0.3001 0.5391 0.2 0.8 0.5 0.7
0.001 0.001 0.0 0.3001 0.5401 0.2 0.8 0.5 0.7
0.001 0.001 0.0 0.3001 0.5410999999999999 0.2 0.8 0.5 0.7
0.001 0.001 0.0 0.3001 0.5421 0.2 0.8 0.5 0.7
0.001 0.001 0.0 0.3001 0.5430999999999999 0.2 0.8 0.5 0.7
0.001 0.001 0.0 0.3001 0.5441 0.2 0.8 0.5 0.7
0.001 0.001 0.0 0.3001 0.5450999999999999 0.2 0.8 0.5 0.7
0.001 0.001 0.0 0.3001 0.5461 0.2 0.8 0.5 0.7
0.001 0.001 0.0 0.3001 0.5470999999999999 0.2 0.8 0.5 0.7
0.001 0.001 0.0 0.3001 0.5481 0.2 0.8 0.5 0.7
0.001 0.001 0.0 0.3001 0.5490999999999999 0.2 0.8 0.5 0.7
0.001 0.001 0.0 0.3001 0.5501 0.2 0.8 0.5 0.7
0.001 0.001 0.0 0.3001 0.5510999999999999 0.2 0.8 0.5 0.7
0.001 0.001 0.0 0.3001 0.5521 0.2 0.8 0.5 0.7
0.001 0.001 0.0 0.3001 0.5530999999999999 0.2 0.8 0.5 0.7
0.001 0.001 0.0 0.3001 0.5541 0.2 0.8 0.5 0.7
0.001 0.001 0.0 0.3001 0.5550999999999999 0.2 0.8 0.5 0.7
0.001 0.001 0.0 0.3001 0.5561 0.2 0.8 0.5 0.7
0.001 0.001 0.0 0.3001 0.5570999999999999 0.2 0.8 0.5 0.7
0.001 0.001 0.0 0.3001 0.5581 0.2 0.8 0.5 0.7
0.001 0.001 0.0 0.3001 0.5590999999999999 0.2 0.8 0.5 0.7
0.001 0.001 0.0 0.3001 0.5601 0.2 0.8 0.5 0.7
0.001 0.001 0.0 0.3001 0.5610999999999999 0.2 0.8 0.5 0.7
0.001 0.001 0.0 0.3001 0.5621 0.2 0.8 0.5 0.7
0.001 0.001 0.0 0.3001 0.5630999999999999 0.2 0.8 0.5 0.7
0.001 0.001 0.0 0.3001 0.5641 0.2 0.8 0.5 0.7
0.001 0.001 0.0 0.3001 0.5650999999999999 0.2 0.8 0.5 0.7
0.001 0.001 0.0 0.3001 0.5661 0.2 0.8 0.5 0.7
0.001 0.001 0.0 0.3001 0.5670999999999999 0.2 0.8 0.5 0.7
0.001 0.001 0.0 0.3001 0.5681 0.2 0.8 0.5 0.7
0.001 0.001 0.0 0.3001 0.5690999999999999 0.2 0.8 0.5 0.7
0.001 0.001 0.0 0.3001 0.5701 0.2 0.8 0.5 0.7
0.001 0.001 0.0 0.3001 0.5710999999999999 0.2 0.8 0.5 0.7
0.001 0.001 0.0 0.3001 0.5721 0.2 0.8 0.5 0.7
0.001 0.001 0.0 0.3001 0.5730999999999999 0.2 0.8 0.5 0.7
0.001 0.001 0.0 0.3001 0.5741 0.2 0.8 0.5 0.7
0.001 0.001 0.0 0.3001 0.5751 0.2 0.8 0.5 0.7
0.001 0.001 0.0 0.3001 0.5761000000000001 0.2 0.8 0.5 0.7
0.001 0.001 0.0 0.3001 0.5771 0.2 0.8 0.5 0.7
0.001 0.001 0.0 0.3001 0.5781000000000001 0.2 0.8 0.5 0.7
0.001 0.001 0.0 0.3001 0.5791 0.2 0.8 0.5 0.7
0.001 0.001 0.0 0.3001 0.5801000000000001 0.2 0.8 0.5 0.7
0.001 0.001 0.0 0.3001 0.5811 0.2 0.8 0.5 0.7
0.001 0.001 0.0 0.3001 0.5821000000000001 0.2 0.8 0.5 0.7
0.001 0.001 0.0 0.3001 0.5831 0.2 0.8 0.5 0.7
0.001 0.001 0.0 0.3001 0.5841000000000001 0.2 0.8 0.5 0.7
0.001 0.001 0.0 0.3001 0.5851 0.2 0.8 0.5 0.7
0.001 0.001 0.0 0.3001 0.5861000000000001 0.2 0.8 0.5 0.7
0.001 0.001 0.0 0.3001 0.5871 0.2 0.8 0.5 0.7
0.001 0.001 0.0 0.3001 0.5874 0.2 0.8 0.5 0.7
0.001 0.001 0.0 0.3001 0.5874 0.2 0.8 0.5 0.7
0.001 0.001 0.0 0.3011 0.5874 0.2 0.8 0.5 0.7
0.001 0.001 0.0 0.3021 0.5874 0.2 0.8 0.5 0.7
0.001 0.001 0.0 0.3031 0.5874 0.2 0.8 0.5 0.7
0.001 0.001 0.0 0.3041 0.5874 0.2 0.8 0.5 0.7
0.001 0.001 0.0 0.3051 0.5874 0.2 0.8 0.5 0.7
0.001 0.001 0.0 0.3061 0.5874 0.2 0.8 0.5 0.7
0.001 0.001 0.0 0.3071 0.5874 0.2 0.8 0.5 0.7
0.001 0.001 0.0 0.3081 0.5874 0.2 0.8 0.5 0.7
0.001 0.001 0.0 0.3091 0.5874 0.2 0.8 0.5 0.7
0.001 0.001 0.0 0.3101 0.5874 0.2 0.8 0.5 0.7
0.001 0.001 0.0 0.3111 0.5874 0.2 0.8 0.5 0.7
0.001 0.001 0.0 0.3121 0.5874 0.2 0.8 0.5 0.7
0.001 0.001 0.0 0.3131 0.5874 0.2 0.8 0.5 0.7
0.001 0.001 0.0 0.3141 0.5874 0.2 0.8 0.5 0.7
0.001 0.001 0.0 0.3151 0.5874 0.2 0.8 0.5 0.7
0.001 0.001 0.0 0.3161 0.5874 0.2 0.8 0.5 0.7
0.001 0.001 0.0 0.3171 0.5874 0.2 0.8 0.5 0.7
0.001 0.001 0.0 0.3181 0.5874 0.2 0.8 0.5 0.7
0.001 0.001 0.0 0.3191 0.5874 0.2 0.8 0.5 0.7
0.001 0.001 0.0 0.3201 0.5874 0.2 0.8 0.5 0.7
0.001 0.001 0.0 0.3211 0.5874 0.2 0.8 0.5 0.7
0.001 0.001 0.0 0.3221 0.5874 0.2 0.8 0.5 0.7
0.001 0.001 0.0 0.3231 0.5874 0.2 0.8 0.5 0.7
0.001 0.001 0.0 0.3241 0.5874 0.2 0.8 0.5 0.7
0.001 0.001 0.0 0.3251 0.5874 0.2 0.8 0.5 0.7
0.001 0.001 0.0 0.3261 0.5874 0.2 0.8 0.5 0.7
0.001 0.001 0.0 0.3271 0.5874 0.2 0.8 0.5 0.7
0.001 0.001 0.0 0.3281 0.5874 0.2 0.8 0.5 0.7
0.001 0.001 0.0 0.3291 0.5874 0.2 0.8 0.5 0.7
0.001 0.001 0.0 0.33009999999999995 0.5874 0.2 0.8 0.5 0.7
0.001 0.001 0.0 0.33109999999999995 0.5874 0.2 0.8 0.5 0.7
0.001 0.001 0.0 0.33209999999999995 0.5874 0.2 0.8 0.5 0.7
0.001 0.001 0.0 0.33309999999999995 0.5874 0.2 0.8 0.5 0.7
0.001 0.001 0.0 0.33409999999999995 0.5874 0.2 0.8 0.5 0.7
0.001 0.001 0.0 0.33509999999999995 0.5874 0.2 0.8 0.5 0.7
0.001 0.001 0.0 0.33609999999999995 0.5874 0.2 0.8 0.5 0.7
0.001 0.001 0.0 0.33709999999999996 0.5874 0.2 0.8 0.5 0.7
0.001 0.001 0.0 0.33809999999999996 0.5874 0.2 0.8 0.5 0.7
0.001 0.001 0.0 0.33909999999999996 0.5874 0.2 0.8 0.5 0.7
0.001 0.001 0.0 0.34009999999999996 0.5874 0.2 0.8 0.5 0.7
0.001 0.001 0.0 0.34109999999999996 0.5874 0.2 0.8 0.5 0.7
0.001 0.001 0.0 0.34209999999999996 0.5874 0.2 0.8 0.5 0.7
0.001 0.001 0.0 0.34309999999999996 0.5874 0.2 0.8 0.5 0.7
0.001 0.001 0.0 0.34409999999999996 0.5874 0.2 0.8 0.5 0.7
0.001 0.001 0.0 0.34509999999999996 0.5874 0.2 0.8 0.5 0.7
0.001 0.001 0.0 0.34609999999999996 0.5874 0.2 0.8 0.5 0.7
0.001 0.001 0.0 0.34709999999999996 0.5874 0.2 0.8 0.5 0.7
0.001 0.001 0.0 0.34809999999999997 0.5874 0.2 0.8 0.5 0.7
0.001 0.001 0.0 0.34909999999999997 0.5874 0.2 0.8 0.5 0.7
0.001 0.001 0.0 0.35009999999999997 0.5874 0.2 0.8 0.5 0.7
0.001 0.001 0.0 0.35109999999999997 0.5874 0.2 0.8 0.5 0.7
0.001 0.001 0.0 0.35209999999999997 0.5874 0.2 0.8 0.5 0.7
0.001 0.001 0.0 0.35309999999999997 0.5874 0.2 0.8 0.5 0.7
0.001 0.001 0.0 0.35409999999999997 0.5874 0.2 0.8 0.5 0.7
0.001 0.001 0.0 0.35509999999999997 0.5874 0.2 0.8 0.5 0.7
0.001 0.001 0.0 0.35609999999999997 0.5874 0.2 0.8 0.5 0.7
0.001 0.001 0.0 0.3571 0.5874 0.2 0.8 0.5 0.7
0.001 0.001 0.0 0.3581 0.5874 0.2 0.8 0.5 0.7
0.001 0.001 0.0 0.3591 0.5874 0.2 0.8 0.5 0.7
0.001 0.001 0.0 0.3601 0.5874 0.2 0.8 0.5 0.7
0.001 0.001 0.0 0.3611 0.5874 0.2 0.8 0.5 0.7
0.001 0.001 0.0 0.3621 0.5874 0.2 0.8 0.5 0.7
0.001 0.001 0.0 0.3631 0.5874 0.2 0.8 0.5 0.7
0.001 0.001 0.0 0.3641 0.5874 0.2 0.8 0.5 0.7
0.001 0.001 0.0 0.3651 0.5874 0.2 0.8 0.5 0.7
0.001 0.001 0.0 0.3661 0.5874 0.2 0.8 0.5 0.7
0.001 0.001 0.0 0.3671 0.5874 0.2 0.8 0.5 0.7
0.001 0.001 0.0 0.3681 0.5874 0.2 0.8 0.5 0.7
0.001 0.001 0.0 0.3691 0.5874 0.2 0.8 0.5 0.7
0.001 0.001 0.0 0.3701 0.5874 0.2 0.8 0.5 0.7
0.001 0.001 0.0 0.3711 0.5874 0.2 0.8 0.5 0.7
0.001 0.001 0.0 0.3721 0.5874 0.2 0.8 0.5 0.7
0.001 0.001 0.0 0.3731 0.5874 0.2 0.8 0.5 0.7
0.001 0.001 0.0 0.3741 0.5874 0.2 0.8 0.5 0.7
0.001 0.001 0.0 0.3751 0.5874 0.2 0.8 0.5 0.7
0.001 0.001 0.0 0.3761 0.5874 0.2 0.8 0.5 0.7
0.001 0.001 0.0 0.3771 0.5874 0.2 0.8 0.5 0.7
0.001 0.001 0.0 0.3781 0.5874 0.2 0.8 0.5 0.7
0.001 0.001 0.0 0.3791 0.5874 0.2 0.8 0.5 0.7
0.001 0.001 0.0 0.3801 0.5874 0.2 0.8 0.5 0.7
0.001 0.001 0.0 0.3811 0.5874 0.2 0.8 0.5 0.7
0.001 0.001 0.0 0.3821 0.5874 0.2 0.8 0.5 0.7
0.001 0.001 0.0 0.3831 0.5874 0.2 0.8 0.5 0.7
0.001 0.001 0.0 0.3841 0.5874 0.2 0.8 0.5 0.7
0.001 0.001 0.0 0.3851 0.5874 0.2 0.8 0.5 0.7
0.001 0.001 0.0 0.3861 0.5874 0.2 0.8 0.5 0.7
0.001 0.001 0.0 0.3871 0.5874 0.2 0.8 0.5 0.7
0.001 0.001 0.0 0.3874 0.5874 0.2 0.8 0.5 0.7
0.001 0.001 0.0 0.3874 0.5874 0.2 0.8 0.5 0.7
0.001 0.001 0.0 0.3884 0.5874 0.2 0.8 0.5 0.7
0.001 0.001 0.0 0.3894 0.5874 0.2 0.8 0.5 0.7
0.001 0.001 0.0 0.3904 0.5874 0.2 0.8 0.5 0.7
0.001 0.001 0.0 0.3914 0.5874 0.2 0.8 0.5 0.7
0.001 0.001 0.0 0.3924 0.5874 0.2 0.8 0.5 0.7
0.001 0.001 0.0 0.3934 0.5874 0.2 0.8 0.5 0.7
0.001 0.001 0.0 0.39440000000000003 0.5874 0.2 0.8 0.5 0.7
0.001 0.001 0.0 0.39540000000000003 0.5874 0.2 0.8 0.5 0.7
0.001 0.001 0.0 0.39640000000000003 0.5874 0.2 0.8 0.5 0.7
0.001 0.001 0.0 0.39740000000000003 0.5874 0.2 0.8 0.5 0.7
0.001 0.001 0.0 0.39840000000000003 0.5874 0.2 0.8 0.5 0.7
0.001 0.001 0.0 0.39940000000000003 0.5874 0.2 0.8 0.5 0.7
0.001 0.001 0.0 0.40040000000000003 0.5874 0.2 0.8 0.5 0.7
0.001 0.001 0.0 0.40140000000000003 0.5874 0.2 0.8 0.5 0.7
0.001 0.001 0.0 0.40240000000000004 0.5874 0.2 0.8 0.5 0.7
0.001 0.001 0.0 0.40340000000000004 0.5874 0.2 0.8 0.5 0.7
0.001 0.001 0.0 0.40440000000000004 0.5874 0.2 0.8 0.5 0.7
0.001 0.001 0.0 0.40540000000000004 0.5874 0.2 0.8 0.5 0.7
0.001 0.001 0.0 0.40640000000000004 0.5874 0.2 0.8 0.5 0.7
0.001 0.001 0.0 0.40740000000000004 0.5874 0.2 0.8 0.5 0.7
0.001 0.001 0.0 0.40840000000000004 0.5874 0.2 0.8 0.5 0.7
0.001 0.001 0.0 0.40940000000000004 0.5874 0.2 0.8 0.5 0.7
0.001 0.001 0.0 0.41040000000000004 0.5874 0.2 0.8 0.5 0.7
0.001 0.001 0.0 0.41140000000000004 0.5874 0.2 0.8 0.5 0.7
0.001 0.001 0.0 0.41240000000000004 0.5874 0.2 0.8 0.5 0.7
0.001 0.001 0.0 0.41340000000000005 0.5874 0.2 0.8 0.5 0.7
0.001 0.001 0.0 0.41440000000000005 0.5874 0.2 0.8 0.5 0.7
0.001 0.001 0.0 0.41540000000000005 0.5874 0.2 0.8 0.5 0.7
0.001 0.001 0.0 0.41640000000000005 0.5874 0.2 0.8 0.5 0.7
0.001 0.001 0.0 0.4174 0.5874 0.2 0.8 0.5 0.7
0.001 0.001 0.0 0.4184 0.5874 0.2 0.8 0.5 0.7
0.001 0.001 0.0 0.4194 0.5874 0.2 0.8 0.5 0.7
0.001 0.001 0.0 0.4204 0.5874 0.2 0.8 0.5 0.7
0.001 0.001 0.0 0.4214 0.5874 0.2 0.8 0.5 0.7
0.001 0.001 0.0 0.4224 0.5874 0.2 0.8 0.5 0.7
0.001 0.001 0.0 0.4234 0.5874 0.2 0.8 0.5 0.7
0.001 0.001 0.0 0.4244 0.5874 0.2 0.8 0.5 0.7
0.001 0.001 0.0 0.4254 0.5874 0.2 0.8 0.5 0.7
0.001 0.001 0.0 0.4264 0.5874 0.2 0.8 0.5 0.7
0.001 0.001 0.0 0.4274 0.5874 0.2 0.8 0.5 0.7
0.001 0.001 0.0 0.4284 0.5874 0.2 0.8 0.5 0.7
0.001 0.001 0.0 0.4294 0.5874 0.2 0.8 0.5 0.7
0.001 0.001 0.0 0.4304 0.5874 0.2 0.8 0.5 0.7
0.001 0.001 0.0 0.4314 0.5874 0.2 0.8 0.5 0.7
0.001 0.001 0.0 0.4324 0.5874 0.2 0.8 0.5 0.7
0.001 0.001 0.0 0.4334 0.5874 0.2 0.8 0.5 0.7
0.001 0.001 0.0 0.4344 0.5874 0.2 0.8 0.5 0.7
0.001 0.001 0.0 0.4354 0.5874 0.2 0.8 0.5 0.7
0.001 0.001 0.0 0.4364 0.5874 0.2 0.8 0.5 0.7
0.001 0.001 0.0 0.4374 0.5874 0.2 0.8 0.5 0.7
0.001 0.001 0.0 0.4384 0.5874 0.2 0.8 0.5 0.7
0.001 0.001 0.0 0.4394 0.5874 0.2 0.8 0.5 0.7
0.001 0.001 0.0 0.4404 0.5874 0.2 0.8 0.5 0.7
0.001 0.001 0.0 0.4414 0.5874 0.2 0.8 0.5 0.7
0.001 0.001 0.0 0.4424 0.5874 0.2 0.8 0.5 0.7
0.001 0.001 0.0 0.4434 0.5874 0.2 0.8 0.5 0.7
0.001 0.001 0.0 0.4444 0.5874 0.2 0.8 0.5 0.7
0.001 0.001 0.0 0.4454 0.5874 0.2 0.8 0.5 0.7
0.001 0.001 0.0 0.4464 0.5874 0.2 0.8 0.5 0.7
0.001 0.001 0.0 0.4474 0.5874 0.2 0.8 0.5 0.7
0.001 0.001 0.0 0.4484 0.5874 0.2 0.8 0.5 0.7
0.001 0.001 0.0 0.4494 0.5874 0.2 0.8 0.5 0.7
0.001 0.001 0.0 0.4504 0.5874 0.2 0.8 0.5 0.7
0.001 0.001 0.0 0.4514 0.5874 0.2 0.8 0.5 0.7
0.001 0.001 0.0 0.4524 0.5874 0.2 0.8 0.5 0.7
0.001 0.001 0.0 0.4534 0.5874 0.2 0.8 0.5 0.7
0.001 0.001 0.0 0.4544 0.5874 0.2 0.8 0.5 0.7
0.001 0.001 0.0 0.4554 0.5874 0.2 0.8 0.5 0.7
0.001 0.001 0.0 0.45640000000000003 0.5874 0.2 0.8 0.5 0.7
0.001 0.001 0.0 0.45740000000000003 0.5874 0.2 0.8 0.5 0.7
0.001 0.001 0.0 0.45840000000000003 0.5874 0.2 0.8 0.5 0.7
0.001 0.001 0.0 0.45940000000000003 0.5874 0.2 0.8 0.5 0.7
0.001 0.001 0.0 0.46040000000000003 0.5874 0.2 0.8 0.5 0.7
0.001 0.001 0.0 0.46140000000000003 0.5874 0.2 0.8 0.5 0.7
0.001 0.001 0.0 0.46240000000000003 0.5874 0.2 0.8 0.5 0.7
0.001 0.001 0.0 0.46340000000000003 0.5874 0.2 0.8 0.5 0.7
0.001 0.001 0.0 0.46440000000000003 0.5874 0.2 0.8 0.5 0.7
0.001 0.001 0.0 0.46540000000000004 0.5874 0.2 0.8 0.5 0.7
0.001 0.001 0.0 0.46640000000000004 0.5874 0.2 0.8 0.5 0.7
0.001 0.001 0.0 0.46740000000000004 0.5874 0.2 0.8 0.5 0.7
0.001 0.001 0.0 0.46840000000000004 0.5874 0.2 0.8 0.5 0.7
0.001 0.001 0.0 0.46940000000000004 0.5874 0.2 0.8 0.5 0.7
0.001 0.001 0.0 0.47040000000000004 0.5874 0.2 0.8 0.5 0.7
0.001 0.001 0.0 0.47140000000000004 0.5874 0.2 0.8 0.5 0.7
0.001 0.001 0.0 0.47240000000000004 0.5874 0.2 0.8 0.5 0.7
0.001 0.001 0.0 0.47340000000000004 0.5874 0.2 0.8 0.5 0.7
0.001 0.001 0.0 0.47440000000000004 0.5874 0.2 0.8 0.5 0.7
0.001 0.001 0.0 0.47540000000000004 0.5874 0.2 0.8 0.5 0.7
0.001 0.001 0.0 0.47640000000000005 0.5874 0.2 0.8 0.5 0.7
0.001 0.001 0.0 0.47740000000000005 0.5874 0.2 0.8 0.5 0.7
0.001 0.001 0.0 0.47840000000000005 0.5874 0.2 0.8 0.5 0.7
0.001 0.001 0.0 0.47940000000000005 0.5874 0.2 0.8 0.5 0.7
0.001 0.001 0.0 0.48040000000000005 0.5874 0.2 0.8 0.5 0.7
0.001 0.001 0.0 0.48140000000000005 0.5874 0.2 0.8 0.5 0.7
0.001 0.001 0.0 0.48240000000000005 0.5874 0.2 0.8 0.5 0.7
0.001 0.001 0.0 0.48340000000000005 0.5874 0.2 0.8 0.5 0.7
0.001 0.001 0.0 0.48440000000000005 0.5874 0.2 0.8 0.5 0.7
0.001 0.001 0.0 0.48540000000000005 0.5874 0.2 0.8 0.5 0.7
0.001 0.001 0.0 0.48640000000000005 0.5874 0.2 0.8 0.5 0.7
0.001 0.001 0.0 0.48740000000000006 0.5874 0.2 0.8 0.5 0.7
0.001 0.001 0.0 0.48840000000000006 0.5874 0.2 0.8 0.5 0.7
0.001 0.001 0.0 0.48940000000000006 0.5874 0.2 0.8 0.5 0.7
0.001 0.001 0.0 0.49040000000000006 0.5874 0.2 0.8 0.5 0.7
0.001 0.001 0.0 0.49140000000000006 0.5874 0.2 0.8 0.5 0.7
0.001 0.001 0.0 0.4924 0.5874 0.2 0.8 0.5 0.7
0.001 0.001 0.0 0.4934 0.5874 0.2 0.8 0.5 0.7
0.001 0.001 0.0 0.4944 0.5874 0.2 0.8 0.5 0.7
0.001 0.001 0.0 0.4954 0.5874 0.2 0.8 0.5 0.7
0.001 0.001 0.0 0.4964 0.5874 0.2 0.8 0.5 0.7
0.001 0.001 0.0 0.4974 0.5874 0.2 0.8 0.5 0.7
0.001 0.001 0.0 0.4984 0.5874 0.2 0.8 0.5 0.7
0.001 0.001 0.0 0.4994 0.5874 0.2 0.8 0.5 0.7
0.001 0.001 0.0 0.5004000000000001 0.5874 0.2 0.8 0.5 0.7
0.001 0.001 0.0 0.5014000000000001 0.5874 0.2 0.8 0.5 0.7
0.001 0.001 0.0 0.5024000000000001 0.5874 0.2 0.8 0.5 0.7
0.001 0.001 0.0 0.5034000000000001 0.5874 0.2 0.8 0.5 0.7
0.001 0.001 0.0 0.5044000000000001 0.5874 0.2 0.8 0.5 0.7
0.001 0.001 0.0 0.5054000000000001 0.5874 0.2 0.8 0.5 0.7
0.001 0.001 0.0 0.5064000000000001 0.5874 0.2 0.8 0.5 0.7
0.001 0.001 0.0 0.5074000000000001 0.5874 0.2 0.8 0.5 0.7
0.001 0.001 0.0 0.5084 0.5874 0.2 0.8 0.5 0.7
0.001 0.001 0.0 0.5094000000000001 0.5874 0.2 0.8 0.5 0.7
0.001 0.001 0.0 0.5104 0.5874 0.2 0.8 0.5 0.7
0.001 0.001 0.0 0.5114000000000001 0.5874 0.2 0.8 0.5 0.7
0.001 0.001 0.0 0.5124 0.5874 0.2 0.8 0.5 0.7
0.001 0.001 0.0 0.5134000000000001 0.5874 0.2 0.8 0.5 0.7
0.001 0.001 0.0 0.5144 0.5874 0.2 0.8 0.5 0.7
0.001 0.001 0.0 0.5154000000000001 0.5874 0.2 0.8 0.5 0.7
0.001 0.001 0.0 0.5164 0.5874 0.2 0.8 0.5 0.7
0.001 0.001 0.0 0.5174000000000001 0.5874 0.2 0.8 0.5 0.7
0.001 0.001 0.0 0.5184 0.5874 0.2 0.8 0.5 0.7
0.001 0.001 0.0 0.5194000000000001 0.5874 0.2 0.8 0.5 0.7
0.001 0.001 0.0 0.5204 0.5874 0.2 0.8 0.5 0.7
0.001 0.001 0.0 0.5214000000000001 0.5874 0.2 0.8 0.5 0.7
0.001 0.001 0.0 0.5224 0.5874 0.2 0.8 0.5 0.7
0.001 0.001 0.0 0.5234000000000001 0.5874 0.2 0.8 0.5 0.7
0.001 0.001 0.0 0.5244 0.5874 0.2 0.8 0.5 0.7
0.001 0.001 0.0 0.5254000000000001 0.5874 0.2 0.8 0.5 0.7
0.001 0.001 0.0 0.5264 0.5874 0.2 0.8 0.5 0.7
0.001 0.001 0.0 0.5274000000000001 0.5874 0.2 0.8 0.5 0.7
0.001 0.001 0.0 0.5284 0.5874 0.2 0.8 0.5 0.7
0.001 0.001 0.0 0.5294000000000001 0.5874 0.2 0.8 0.5 0.7
0.001 0.001 0.0 0.5304 0.5874 0.2 0.8 0.5 0.7
0.001 0.001 0.0 0.5314000000000001 0.5874 0.2 0.8 0.5 0.7
0.001 0.001 0.0 0.5324 0.5874 0.2 0.8 0.5 0.7
0.001 0.001 0.0 0.5334 0.5874 0.2 0.8 0.5 0.7
0.001 0.001 0.0 0.5344 0.5874 0.2 0.8 0.5 0.7
0.001 0.001 0.0 0.5354 0.5874 0.2 0.8 0.5 0.7
0.001 0.001 0.0 0.5364 0.5874 0.2 0.8 0.5 0.7
0.001 0.001 0.0 0.5374 0.5874 0.2 0.8 0.5 0.7
0.001 0.001 0.0 0.5384 0.5874 0.2 0.8 0.5 0.7
0.001 0.001 0.0 0.5394 0.5874 0.2 0.8 0.5 0.7
0.001 0.001 0.0 0.5404 0.5874 0.2 0.8 0.5 0.7
0.001 0.001 0.0 0.5414 0.5874 0.2 0.8 0.5 0.7
0.001 0.001 0.0 0.5424 0.5874 0.2 0.8 0.5 0.7
0.001 0.001 0.0 0.5434 0.5874 0.2 0.8 0.5 0.7
0.001 0.001 0.0 0.5444 0.5874 0.2 0.8 0.5 0.7
0.001 0.001 0.0 0.5454 0.5874 0.2 0.8 0.5 0.7
0.001 0.001 0.0 0.5464 0.5874 0.2 0.8 0.5 0.7
0.001 0.001 0.0 0.5474 0.5874 0.2 0.8 0.5 0.7
0.001 0.001 0.0 0.5484 0.5874 0.2 0.8 0.5 0.7
0.001 0.001 0.0 0.5494 0.5874 0.2 0.8 0.5 0.7
0.001 0.001 0.0 0.5504 0.5874 0.2 0.8 0.5 0.7
0.001 0.001 0.0 0.5514 0.5874 0.2 0.8 0.5 0.7
0.001 0.001 0.0 0.5524 0.5874 0.2 0.8 0.5 0.7
0.001 0.001 0.0 0.5534 0.5874 0.2 0.8 0.5 0.7
0.001 0.001 0.0 0.5544 0.5874 0.2 0.8 0.5 0.7
0.001 0.001 0.0 0.5554 0.5874 0.2 0.8 0.5 0.7
0.001 0.001 0.0 0.5564 0.5874 0.2 0.8 0.5 0.7
0.001 0.001 0.0 0.5574 0.5874 0.2 0.8 0.5 0.7
0.001 0.001 0.0 0.5584 0.5874 0.2 0.8 0.5 0.7
0.001 0.001 0.0 0.5594 0.5874 0.2 0.8 0.5 0.7
0.001 0.001 0.0 0.5604 0.5874 0.2 0.8 0.5 0.7
0.001 0.001 0.0 0.5614 0.5874 0.2 0.8 0.5 0.7
0.001 0.001 0.0 0.5624 0.5874 0.2 0.8 0.5 0.7
0.001 0.001 0.0 0.5634 0.5874 0.2 0.8 0.5 0.7
0.001 0.001 0.0 0.5644 0.5874 0.2 0.8 0.5 0.7
0.001 0.001 0.0 0.5654 0.5874 0.2 0.8 0.5 0.7
0.001 0.001 0.0 0.5664 0.5874 0.2 0.8 0.5 0.7
0.001 0.001 0.0 0.5674 0.5874 0.2 0.8 0.5 0.7
0.001 0.001 0.0 0.5684 0.5874 0.2 0.8 0.5 0.7
0.001 0.001 0.0 0.5694 0.5874 0.2 0.8 0.5 0.7
0.001 0.001 0.0 0.5704 0.5874 0.2 0.8 0.5 0.7
0.001 0.001 0.0 0.5714 0.5874 0.2 0.8 0.5 0.7
0.001 0.001 0.0 0.5724 0.5874 0.2 0.8 0.5 0.7
0.001 0.001 0.0 0.5734 0.5874 0.2 0.8 0.5 0.7
0.001 0.001 0.0 0.5744 0.5874 0.2 0.8 0.5 0.7
0.001 0.001 0.0 0.5754 0.5874 0.2 0.8 0.5 0.7
0.001 0.001 0.0 0.5764 0.5874 0.2 0.8 0.5 0.7
0.001 0.001 0.0 0.5774 0.5874 0.2 0.8 0.5 0.7
0.001 0.001 0.0 0.5784 0.5874 0.2 0.8 0.5 0.7
0.001 0.001 0.0 0.5794 0.5874 0.2 0.8 0.5 0.7
0.001 0.001 0.0 0.5804 0.5874 0.2 0.8 0.5 0.7
0.001 0.001 0.0 0.5814 0.5874 0.2 0.8 0.5 0.7
0.001 0.001 0.0 0.5824 0.5874 0.2 0.8 0.5 0.7
0.001 0.001 0.0 0.5834 0.5874 0.2 0.8 0.5 0.7
0.001 0.001 0.0 0.5844 0.5874 0.2 0.8 0.5 0.7
0.001 0.001 0.0 0.5854 0.5874 0.2 0.8 0.5 0.7
0.001 0.001 0.0 0.5864 0.5874 0.2 0.8 0.5 0.7
0.001 0.001 0.0 0.5874 0.5874 0.2 0.8 0.5 0.7
0.001 0.001 0.0 0.5884 0.5874 0.2 0.8 0.5 0.7
0.001 0.001 0.0 0.5894 0.5874 0.2 0.8 0.5 0.7
0.001 0.001 0.0 0.5904 0.5874 0.2 0.8 0.5 0.7
0.001 0.001 0.0 0.5914 0.5874 0.2 0.8 0.5 0.7
0.001 0.001 0.0 0.5924 0.5874 0.2 0.8 0.5 0.7
0.001 0.001 0.0 0.5934 0.5874 0.2 0.8 0.5 0.7
0.001 0.001 0.0 0.5944 0.5874 0.2 0.8 0.5 0.7
0.001 0.001 0.0 0.5954 0.5874 0.2 0.8 0.5 0.7
0.001 0.001 0.0 0.5964 0.5874 0.2 0.8 0.5 0.7
0.001 0.001 0.0 0.5974 0.5874 0.2 0.8 0.5 0.7
0.001 0.001 0.0 0.5984 0.5874 0.2 0.8 0.5 0.7
0.001 0.001 0.0 0.5994 0.5874 0.2 0.8 0.5 0.7
0.001 0.001 0.0 0.6004 0.5874 0.2 0.8 0.5 0.7
0.001 0.001 0.0 0.6014 0.5874 0.2 0.8 0.5 0.7
0.001 0.001 0.0 0.6024 0.5874 0.2 0.8 0.5 0.7
0.001 0.001 0.0 0.6034 0.5874 0.2 0.8 0.5 0.7
0.001 0.001 0.0 0.6044 0.5874 0.2 0.8 0.5 0.7
0.001 0.001 0.0 0.6054 0.5874 0.2 0.8 0.5 0.7
0.001 0.001 0.0 0.6064 0.5874 0.2 0.8 0.5 0.7
0.001 0.001 0.0 0.6074 0.5874 0.2 0.8 0.5 0.7
0.001 0.001 0.0 0.6084 0.5874 0.2 0.8 0.5 0.7
0.001 0.001 0.0 0.6094 0.5874 0.2 0.8 0.5 0.7
0.001 0.001 0.0 0.6104 0.5874 0.2 0.8 0.5 0.7
0.001 0.001 0.0 0.6114 0.5874 0.2 0.8 0.5 0.7
0.001 0.001 0.0 0.6124 0.5874 0.2 0.8 0.5 0.7
0.001 0.001 0.0 0.6126 0.5874 0.2 0.8 0.5 0.7
0.001 0.001 0.0 0.6126 0.5874 0.2 0.8 0.5 0.7
0.001 0.001 0.0 0.6136 0.5874 0.2 0.8 0.5 0.7
0.001 0.001 0.0 0.6146 0.5874 0.2 0.8 0.5 0.7
0.001 0.001 0.0 0.6156 0.5874 0.2 0.8 0.5 0.7
0.001 0.001 0.0 0.6166 0.5874 0.2 0.8 0.5 0.7
0.001 0.001 0.0 0.6176 0.5874 0.2 0.8 0.5 0.7
0.001 0.001 0.0 0.6186 0.5874 0.2 0.8 0.5 0.7
0.001 0.001 0.0 0.6196 0.5874 0.2 0.8 0.5 0.7
0.001 0.001 0.0 0.6206 0.5874 0.2 0.8 0.5 0.7
0.001 0.001 0.0 0.6216 0.5874 0.2 0.8 0.5 0.7
0.001 0.001 0.0 0.6226 0.5874 0.2 0.8 0.5 0.7
0.001 0.001 0.0 0.6236 0.5874 0.2 0.8 0.5 0.7
0.001 0.001 0.0 0.6246 0.5874 0.2 0.8 0.5 0.7
0.001 0.001 0.0 0.6256 0.5874 0.2 0.8 0.5 0.7
0.001 0.001 0.0 0.6266 0.5874 0.2 0.8 0.5 0.7
0.001 0.001 0.0 0.6276 0.5874 0.2 0.8 0.5 0.7
0.001 0.001 0.0 0.6286 0.5874 0.2 0.8 0.5 0.7
0.001 0.001 0.0 0.6296 0.5874 0.2 0.8 0.5 0.7
0.001 0.001 0.0 0.6306 0.5874 0.2 0.8 0.5 0.7
0.001 0.001 0.0 0.6316 0.5874 0.2 0.8 0.5 0.7
0.001 0.001 0.0 0.6326 0.5874 0.2 0.8 0.5 0.7
0.001 0.001 0.0 0.6336 0.5874 0.2 0.8 0.5 0.7
0.001 0.001 0.0 0.6346 0.5874 0.2 0.8 0.5 0.7
0.001 0.001 0.0 0.6356 0.5874 0.2 0.8 0.5 0.7
0.001 0.001 0.0 0.6366 0.5874 0.2 0.8 0.5 0.7
0.001 0.001 0.0 0.6376000000000001 0.5874 0.2 0.8 0.5 0.7
0.001 0.001 0.0 0.6386000000000001 0.5874 0.2 0.8 0.5 0.7
0.001 0.001 0.0 0.6396000000000001 0.5874 0.2 0.8 0.5 0.7
0.001 0.001 0.0 0.6406000000000001 0.5874 0.2 0.8 0.5 0.7
0.001 0.001 0.0 0.6416000000000001 0.5874 0.2 0.8 0.5 0.7
0.001 0.001 0.0 0.6426000000000001 0.5874 0.2 0.8 0.5 0.7
0.001 0.001 0.0 0.6436000000000001 0.5874 0.2 0.8 0.5 0.7
0.001 0.001 0.0 0.6446000000000001 0.5874 0.2 0.8 0.5 0.7
0.001 0.001 0.0 0.6456000000000001 0.5874 0.2 0.8 0.5 0.7
0.001 0.001 0.0 0.6466000000000001 0.5874 0.2 0.8 0.5 0.7
0.001 0.001 0.0 0.6476000000000001 0.5874 0.2 0.8 0.5 0.7
0.001 0.001 0.0 0.6486000000000001 0.5874 0.2 0.8 0.5 0.7
0.001 0.001 0.0 0.6496000000000001 0.5874 0.2 0.8 0.5 0.7
0.001 0.001 0.0 0.6501 0.5874 0.2 0.8 0.5 0.7
0.001 0.001 0.0 0.6501 0.5874 0.2 0.8 0.5 0.7
0.001 0.001 0.0 0.6501 0.5884 0.2 0.8 0.5 0.7
0.001 0.001 0.0 0.6501 0.5894 0.2 0.8 0.5 0.7
0.001 0.001 0.0 0.6501 0.5904 0.2 0.8 0.5 0.7
0.001 0.001 0.0 0.6501 0.5914 0.2 0.8 0.5 0.7
0.001 0.001 0.0 0.6501 0.5924 0.2 0.8 0.5 0.7
0.001 0.001 0.0 0.6501 0.5934 0.2 0.8 0.5 0.7
0.001 0.001 0.0 0.6501 0.5944 0.2 0.8 0.5 0.7
0.001 0.001 0.0 0.6501 0.5954 0.2 0.8 0.5 0.7
0.001 0.001 0.0 0.6501 0.5964 0.2 0.8 0.5 0.7
0.001 0.001 0.0 0.6501 0.5974 0.2 0.8 0.5 0.7
0.001 0.001 0.0 0.6501 0.5984 0.2 0.8 0.5 0.7
0.001 0.001 0.0 0.6501 0.5994 0.2 0.8 0.5 0.7
0.001 0.001 0.0 0.6501 0.6004 0.2 0.8 0.5 0.7
0.001 0.001 0.0 0.6501 0.6014 0.2 0.8 0.5 0.7
0.001 0.001 0.0 0.6501 0.6024 0.2 0.8 0.5 0.7
0.001 0.001 0.0 0.6501 0.6034 0.2 0.8 0.5 0.7
0.001 0.001 0.0 0.6501 0.6044 0.2 0.8 0.5 0.7
0.001 0.001 0.0 0.6501 0.6054 0.2 0.8 0.5 0.7
0.001 0.001 0.0 0.6501 0.6064 0.2 0.8 0.5 0.7
0.001 0.001 0.0 0.6501 0.6074 0.2 0.8 0.5 0.7
0.001 0.001 0.0 0.6501 0.6084 0.2 0.8 0.5 0.7
0.001 0.001 0.0 0.6501 0.6094 0.2 0.8 0.5 0.7
0.001 0.001 0.0 0.6501 0.6104 0.2 0.8 0.5 0.7
0.001 0.001 0.0 0.6501 0.6114 0.2 0.8 0.5 0.7
0.001 0.001 0.0 0.6501 0.6124 0.2 0.8 0.5 0.7
0.001 0.001 0.0 0.6501 0.6134000000000001 0.2 0.8 0.5 0.7
0.001 0.001 0.0 0.6501 0.6144000000000001 0.2 0.8 0.5 0.7
0.001 0.001 0.0 0.6501 0.6154000000000001 0.2 0.8 0.5 0.7
0.001 0.001 0.0 0.6501 0.6164000000000001 0.2 0.8 0.5 0.7
0.001 0.001 0.0 0.6501 0.6174000000000001 0.2 0.8 0.5 0.7
0.001 0.001 0.0 0.6501 0.6184000000000001 0.2 0.8 0.5 0.7
0.001 0.001 0.0 0.6501 0.6194000000000001 0.2 0.8 0.5 0.7
0.001 0.001 0.0 0.6501 0.6204000000000001 0.2 0.8 0.5 0.7
0.001 0.001 0.0 0.6501 0.6214000000000001 0.2 0.8 0.5 0.7
0.001 0.001 0.0 0.6501 0.6224000000000001 0.2 0.8 0.5 0.7
0.001 0.001 0.0 0.6501 0.6234000000000001 0.2 0.8 0.5 0.7
0.001 0.001 0.0 0.6501 0.6244000000000001 0.2 0.8 0.5 0.7
0.001 0.001 0.0 0.6501 0.6254000000000001 0.2 0.8 0.5 0.7
0.001 0.001 0.0 0.6501 0.6264000000000001 0.2 0.8 0.5 0.7
0.001 0.001 0.0 0.6501 0.6274000000000001 0.2 0.8 0.5 0.7
0.001 0.001 0.0 0.6501 0.6284000000000001 0.2 0.8 0.5 0.7
0.001 0.001 0.0 0.6501 0.6294000000000001 0.2 0.8 0.5 0.7
0.001 0.001 0.0 0.6501 0.6304000000000001 0.2 0.8 0.5 0.7
0.001 0.001 0.0 0.6501 0.6314000000000001 0.2 0.8 0.5 0.7
0.001 0.001 0.0 0.6501 0.6324000000000001 0.2 0.8 0.5 0.7
0.001 0.001 0.0 0.6501 0.6334000000000001 0.2 0.8 0.5 0.7
0.001 0.001 0.0 0.6501 0.6344000000000001 0.2 0.8 0.5 0.7
0.001 0.001 0.0 0.6501 0.6354000000000001 0.2 0.8 0.5 0.7
0.001 0.001 0.0 0.6501 0.6364000000000001 0.2 0.8 0.5 0.7
0.001 0.001 0.0 0.6501 0.6374000000000001 0.2 0.8 0.5 0.7
0.001 0.001 0.0 0.6501 0.6384000000000001 0.2 0.8 0.5 0.7
0.001 0.001 0.0 0.6501 0.6394000000000001 0.2 0.8 0.5 0.7
0.001 0.001 0.0 0.6501 0.6404000000000001 0.2 0.8 0.5 0.7
0.001 0.001 0.0 0.6501 0.6414000000000001 0.2 0.8 0.5 0.7
0.001 0.001 0.0 0.6501 0.6424000000000001 0.2 0.8 0.5 0.7
0.001 0.001 0.0 0.6501 0.6434000000000001 0.2 0.8 0.5 0.7
0.001 0.001 0.0 0.6501 0.6444000000000001 0.2 0.8 0.5 0.7
0.001 0.001 0.0 0.6501 0.6454000000000001 0.2 0.8 0.5 0.7
0.001 0.001 0.0 0.6501 0.6464000000000001 0.2 0.8 0.5 0.7
0.001 0.001 0.0 0.6501 0.6474 0.2 0.8 0.5 0.7
0.001 0.001 0.0 0.6501 0.6484000000000001 0.2 0.8 0.5 0.7
0.001 0.001 0.0 0.6501 0.6494 0.2 0.8 0.5 0.7
0.001 0.001 0.0 0.6501 0.6504000000000001 0.2 0.8 0.5 0.7
0.001 0.001 0.0 0.6501 0.6514 0.2 0.8 0.5 0.7
0.001 0.001 0.0 0.6501 0.6524000000000001 0.2 0.8 0.5 0.7
0.001 0.001 0.0 0.6501 0.6534 0.2 0.8 0.5 0.7
0.001 0.001 0.0 0.6501 0.6544000000000001 0.2 0.8 0.5 0.7
0.001 0.001 0.0 0.6501 0.6554 0.2 0.8 0.5 0.7
0.001 0.001 0.0 0.6501 0.6564000000000001 0.2 0.8 0.5 0.7
0.001 0.001 0.0 0.6501 0.6574 0.2 0.8 0.5 0.7
0.001 0.001 0.0 0.6501 0.6584000000000001 0.2 0.8 0.5 0.7
0.001 0.001 0.0 0.6501 0.6594 0.2 0.8 0.5 0.7
0.001 0.001 0.0 0.6501 0.6604 0.2 0.8 0.5 0.7
0.001 0.001 0.0 0.6501 0.6614 0.2 0.8 0.5 0.7
0.001 0.001 0.0 0.6501 0.6624 0.2 0.8 0.5 0.7
0.001 0.001 0.0 0.6501 0.6634 0.2 0.8 0.5 0.7
0.001 0.001 0.0 0.6501 0.6644 0.2 0.8 0.5 0.7
0.001 0.001 0.0 0.6501 0.6654 0.2 0.8 0.5 0.7
0.001 0.001 0.0 0.6501 0.6664 0.2 0.8 0.5 0.7
0.001 0.001 0.0 0.6501 0.6674 0.2 0.8 0.5 0.7
0.001 0.001 0.0 0.6501 0.6684 0.2 0.8 0.5 0.7
0.001 0.001 0.0 0.6501 0.6694 0.2 0.8 0.5 0.7
0.001 0.001 0.0 0.6501 0.6704 0.2 0.8 0.5 0.7
0.001 0.001 0.0 0.6501 0.6714 0.2 0.8 0.5 0.7
0.001 0.001 0.0 0.6501 0.6724 0.2 0.8 0.5 0.7
0.001 0.001 0.0 0.6501 0.6734 0.2 0.8 0.5 0.7
0.001 0.001 0.0 0.6501 0.6744 0.2 0.8 0.5 0.7
0.001 0.001 0.0 0.6501 0.6754 0.2 0.8 0.5 0.7
0.001 0.001 0.0 0.6501 0.6764 0.2 0.8 0.5 0.7
0.001 0.001 0.0 0.6501 0.6774 0.2 0.8 0.5 0.7
0.001 0.001 0.0 0.6501 0.6784 0.2 0.8 0.5 0.7
0.001 0.001 0.0 0.6501 0.6794 0.2 0.8 0.5 0.7
0.001 0.001 0.0 0.6501 0.6804 0.2 0.8 0.5 0.7
0.001 0.001 0.0 0.6501 0.6814 0.2 0.8 0.5 0.7
0.001 0.001 0.0 0.6501 0.6824 0.2 0.8 0.5 0.7
0.001 0.001 0.0 0.6501 0.6834 0.2 0.8 0.5 0.7
0.001 0.001 0.0 0.6501 0.6844 0.2 0.8 0.5 0.7
0.001 0.001 0.0 0.6501 0.6854 0.2 0.8 0.5 0.7
0.001 0.001 0.0 0.6501 0.6864 0.2 0.8 0.5 0.7
0.001 0.001 0.0 0.6501 0.6874 0.2 0.8 0.5 0.7
0.001 0.001 0.0 0.6501 0.6884 0.2 0.8 0.5 0.7
0.001 0.001 0.0 0.6501 0.6894 0.2 0.8 0.5 0.7
0.001 0.001 0.0 0.6501 0.6904 0.2 0.8 0.5 0.7
0.001 0.001 0.0 0.6501 0.6914 0.2 0.8 0.5 0.7
0.001 0.001 0.0 0.6501 0.6924 0.2 0.8 0.5 0.7
0.001 0.001 0.0 0.6501 0.6934 0.2 0.8 0.5 0.7
0.001 0.001 0.0 0.6501 0.6944 0.2 0.8 0.5 0.7
0.001 0.001 0.0 0.6501 0.6954 0.2 0.8 0.5 0.7
0.001 0.001 0.0 0.6501 0.6964 0.2 0.8 0.5 0.7
0.001 0.001 0.0 0.6501 0.6974 0.2 0.8 0.5 0.7
0.001 0.001 0.0 0.6501 0.6984 0.2 0.8 0.5 0.7
0.001 0.001 0.0 0.6501 0.6994 0.2 0.8 0.5 0.7
0.001 0.001 0.0 0.6501 0.7004 0.2 0.8 0.5 0.7
0.001 0.001 0.0 0.6501 0.7014 0.2 0.8 0.5 0.7
0.001 0.001 0.0 0.6501 0.7024 0.2 0.8 0.5 0.7
0.001 0.001 0.0 0.6501 0.7034 0.2 0.8 0.5 0.7
0.001 0.001 0.0 0.6501 0.7044 0.2 0.8 0.5 0.7
0.001 0.001 0.0 0.6501 0.7054 0.2 0.8 0.5 0.7
0.001 0.001 0.0 0.6501 0.7064 0.2 0.8 0.5 0.7
0.001 0.001 0.0 0.6501 0.7074 0.2 0.8 0.5 0.7
0.001 0.001 0.0 0.6501 0.7084 0.2 0.8 0.5 0.7
0.001 0.001 0.0 0.6501 0.7094 0.2 0.8 0.5 0.7
0.001 0.001 0.0 0.6501 0.7104 0.2 0.8 0.5 0.7
0.001 0.001 0.0 0.6501 0.7114 0.2 0.8 0.5 0.7
0.001 0.001 0.0 0.6501 0.7124 0.2 0.8 0.5 0.7
0.001 0.001 0.0 0.6501 0.7134 0.2 0.8 0.5 0.7
0.001 0.001 0.0 0.6501 0.7144 0.2 0.8 0.5 0.7
0.001 0.001 0.0 0.6501 0.7154 0.2 0.8 0.5 0.7
0.001 0.001 0.0 0.6501 0.7164 0.2 0.8 0.5 0.7
0.001 0.001 0.0 0.6501 0.7174 0.2 0.8 0.5 0.7
0.001 0.001 0.0 0.6501 0.7184 0.2 0.8 0.5 0.7
0.001 0.001 0.0 0.6501 0.7194 0.2 0.8 0.5 0.7
0.001 0.001 0.0 0.6501 0.7204 0.2 0.8 0.5 0.7
0.001 0.001 0.0 0.6501 0.7214 0.2 0.8 0.5 0.7
0.001 0.001 0.0 0.6501 0.7224 0.2 0.8 0.5 0.7
0.001 0.001 0.0 0.6501 0.7234 0.2 0.8 0.5 0.7
0.001 0.001 0.0 0.6501 0.7244 0.2 0.8 0.5 0.7
0.001 0.001 0.0 0.6501 0.7254 0.2 0.8 0.5 0.7
0.001 0.001 0.0 0.6501 0.7264 0.2 0.8 0.5 0.7
0.001 0.001 0.0 0.6501 0.7274 0.2 0.8 0.5 0.7
0.001 0.001 0.0 0.6501 0.7284 0.2 0.8 0.5 0.7
0.001 0.001 0.0 0.6501 0.7294 0.2 0.8 0.5 0.7
0.001 0.001 0.0 0.6501 0.7304 0.2 0.8 0.5 0.7
0.001 0.001 0.0 0.6501 0.7314 0.2 0.8 0.5 0.7
0.001 0.001 0.0 0.6501 0.7324 0.2 0.8 0.5 0.7
0.001 0.001 0.0 0.6501 0.7334 0.2 0.8 0.5 0.7
0.001 0.001 0.0 0.6501 0.7344 0.2 0.8 0.5 0.7
0.001 0.001 0.0 0.6501 0.7354 0.2 0.8 0.5 0.7
0.001 0.001 0.0 0.6501 0.7364 0.2 0.8 0.5 0.7
0.001 0.001 0.0 0.6501 0.7374 0.2 0.8 0.5 0.7
0.001 0.001 0.0 0.6501 0.7384000000000001 0.2 0.8 0.5 0.7
0.001 0.001 0.0 0.6501 0.7394000000000001 0.2 0.8 0.5 0.7
0.001 0.001 0.0 0.6501 0.7404000000000001 0.2 0.8 0.5 0.7
0.001 0.001 0.0 0.6501 0.7414000000000001 0.2 0.8 0.5 0.7
0.001 0.001 0.0 0.6501 0.7424000000000001 0.2 0.8 0.5 0.7
0.001 0.001 0.0 0.6501 0.7434000000000001 0.2 0.8 0.5 0.7
0.001 0.001 0.0 0.6501 0.7444000000000001 0.2 0.8 0.5 0.7
0.001 0.001 0.0 0.6501 0.7454000000000001 0.2 0.8 0.5 0.7
0.001 0.001 0.0 0.6501 0.7464000000000001 0.2 0.8 0.5 0.7
0.001 0.001 0.0 0.6501 0.7474000000000001 0.2 0.8 0.5 0.7
0.001 0.001 0.0 0.6501 0.7484000000000001 0.2 0.8 0.5 0.7
0.001 0.001 0.0 0.6501 0.7494000000000001 0.2 0.8 0.5 0.7
0.001 0.001 0.0 0.6501 0.7499 0.2 0.8 0.5 0.7
0.001 0.001 0.0 0.6501 0.7499 0.2 0.8 0.5 0.7
0.001 0.001 0.0 0.6511 0.7499 0.2 0.8 0.5 0.7
0.001 0.001 0.0 0.6521 0.7499 0.2 0.8 0.5 0.7
0.001 0.001 0.0 0.6531 0.7499 0.2 0.8 0.5 0.7
0.001 0.001 0.0 0.6541 0.7499 0.2 0.8 0.5 0.7
0.001 0.001 0.0 0.6551 0.7499 0.2 0.8 0.5 0.7
0.001 0.001 0.0 0.6561 0.7499 0.2 0.8 0.5 0.7
0.001 0.001 0.0 0.6571 0.7499 0.2 0.8 0.5 0.7
0.001 0.001 0.0 0.6581 0.7499 0.2 0.8 0.5 0.7
0.001 0.001 0.0 0.6591 0.7499 0.2 0.8 0.5 0.7
0.001 0.001 0.0 0.6601 0.7499 0.2 0.8 0.5 0.7
0.001 0.001 0.0 0.6611 0.7499 0.2 0.8 0.5 0.7
0.001 0.001 0.0 0.6621 0.7499 0.2 0.8 0.5 0.7
0.001 0.001 0.0 0.6631 0.7499 0.2 0.8 0.5 0.7
0.001 0.001 0.0 0.6641 0.7499 0.2 0.8 0.5 0.7
0.001 0.001 0.0 0.6651 0.7499 0.2 0.8 0.5 0.7
0.001 0.001 0.0 0.6661 0.7499 0.2 0.8 0.5 0.7
0.001 0.001 0.0 0.6671 0.7499 0.2 0.8 0.5 0.7
0.001 0.001 0.0 0.6681 0.7499 0.2 0.8 0.5 0.7
0.001 0.001 0.0 0.6691 0.7499 0.2 0.8 0.5 0.7
0.001 0.001 0.0 0.6701 0.7499 0.2 0.8 0.5 0.7
0.001 0.001 0.0 0.6711 0.7499 0.2 0.8 0.5 0.7
0.001 0.001 0.0 0.6721 0.7499 0.2 0.8 0.5 0.7
0.001 0.001 0.0 0.6731 0.7499 0.2 0.8 0.5 0.7
0.001 0.001 0.0 0.6741 0.7499 0.2 0.8 0.5 0.7
0.001 0.001 0.0 0.6751 0.7499 0.2 0.8 0.5 0.7
0.001 0.001 0.0 0.6761 0.7499 0.2 0.8 0.5 0.7
0.001 0.001 0.0 0.6771 0.7499 0.2 0.8 0.5 0.7
0.001 0.001 0.0 0.6781 0.7499 0.2 0.8 0.5 0.7
0.001 0.001 0.0 0.6791 0.7499 0.2 0.8 0.5 0.7
0.001 0.001 0.0 0.6801 0.7499 0.2 0.8 0.5 0.7
0.001 0.001 0.0 0.6811 0.7499 0.2 0.8 0.5 0.7
0.001 0.001 0.0 0.6821 0.7499 0.2 0.8 0.5 0.7
0.001 0.001 0.0 0.6831 0.7499 0.2 0.8 0.5 0.7
0.001 0.001 0.0 0.6841 0.7499 0.2 0.8 0.5 0.7
0.001 0.001 0.0 0.6851 0.7499 0.2 0.8 0.5 0.7
0.001 0.001 0.0 0.6861 0.7499 0.2 0.8 0.5 0.7
0.001 0.001 0.0 0.6871 0.7499 0.2 0.8 0.5 0.7
0.001 0.001 0.0 0.6881 0.7499 0.2 0.8 0.5 0.7
0.001 0.001 0.0 0.6891 0.7499 0.2 0.8 0.5 0.7
0.001 0.001 0.0 0.6901 0.7499 0.2 0.8 0.5 0.7
0.001 0.001 0.0 0.6911 0.7499 0.2 0.8 0.5 0.7
0.001 0.001 0.0 0.6921 0.7499 0.2 0.8 0.5 0.7
0.001 0.001 0.0 0.6931 0.7499 0.2 0.8 0.5 0.7
0.001 0.001 0.0 0.6941 0.7499 0.2 0.8 0.5 0.7
0.001 0.001 0.0 0.6951 0.7499 0.2 0.8 0.5 0.7
0.001 0.001 0.0 0.6961 0.7499 0.2 0.8 0.5 0.7
0.001 0.001 0.0 0.6971 0.7499 0.2 0.8 0.5 0.7
0.001 0.001 0.0 0.6981 0.7499 0.2 0.8 0.5 0.7
0.001 0.001 0.0 0.6991 0.7499 0.2 0.8 0.5 0.7
0.001 0.001 0.0 0.7001000000000001 0.7499 0.2 0.8 0.5 0.7
0.001 0.001 0.0 0.7011000000000001 0.7499 0.2 0.8 0.5 0.7
0.001 0.001 0.0 0.7021000000000001 0.7499 0.2 0.8 0.5 0.7
0.001 0.001 0.0 0.7031000000000001 0.7499 0.2 0.8 0.5 0.7
0.001 0.001 0.0 0.7041000000000001 0.7499 0.2 0.8 0.5 0.7
0.001 0.001 0.0 0.7051000000000001 0.7499 0.2 0.8 0.5 0.7
0.001 0.001 0.0 0.7061000000000001 0.7499 0.2 0.8 0.5 0.7
0.001 0.001 0.0 0.7071000000000001 0.7499 0.2 0.8 0.5 0.7
0.001 0.001 0.0 0.7081000000000001 0.7499 0.2 0.8 0.5 0.7
0.001 0.001 0.0 0.7091000000000001 0.7499 0.2 0.8 0.5 0.7
0.001 0.001 0.0 0.7101 0.7499 0.2 0.8 0.5 0.7
0.001 0.001 0.0 0.7111000000000001 0.7499 0.2 0.8 0.5 0.7
0.001 0.001 0.0 0.7121 0.7499 0.2 0.8 0.5 0.7
0.001 0.001 0.0 0.7131000000000001 0.7499 0.2 0.8 0.5 0.7
0.001 0.001 0.0 0.7141 0.7499 0.2 0.8 0.5 0.7
0.001 0.001 0.0 0.7151000000000001 0.7499 0.2 0.8 0.5 0.7
0.001 0.001 0.0 0.7161 0.7499 0.2 0.8 0.5 0.7
0.001 0.001 0.0 0.7171000000000001 0.7499 0.2 0.8 0.5 0.7
0.001 0.001 0.0 0.7181 0.7499 0.2 0.8 0.5 0.7
0.001 0.001 0.0 0.7191000000000001 0.7499 0.2 0.8 0.5 0.7
0.001 0.001 0.0 0.7201 0.7499 0.2 0.8 0.5 0.7
0.001 0.001 0.0 0.7211000000000001 0.7499 0.2 0.8 0.5 0.7
0.001 0.001 0.0 0.7221 0.7499 0.2 0.8 0.5 0.7
0.001 0.001 0.0 0.7231 0.7499 0.2 0.8 0.5 0.7
0.001 0.001 0.0 0.7241 0.7499 0.2 0.8 0.5 0.7
0.001 0.001 0.0 0.7251 0.7499 0.2 0.8 0.5 0.7
0.001 0.001 0.0 0.7261 0.7499 0.2 0.8 0.5 0.7
0.001 0.001 0.0 0.7271 0.7499 0.2 0.8 0.5 0.7
0.001 0.001 0.0 0.7281 0.7499 0.2 0.8 0.5 0.7
0.001 0.001 0.0 0.7291 0.7499 0.2 0.8 0.5 0.7
0.001 0.001 0.0 0.7301 0.7499 0.2 0.8 0.5 0.7
0.001 0.001 0.0 0.7311 0.7499 0.2 0.8 0.5 0.7
0.001 0.001 0.0 0.7321 0.7499 0.2 0.8 0.5 0.7
0.001 0.001 0.0 0.7331 0.7499 0.2 0.8 0.5 0.7
0.001 0.001 0.0 0.7341 0.7499 0.2 0.8 0.5 0.7
0.001 0.001 0.0 0.7351 0.7499 0.2 0.8 0.5 0.7
0.001 0.001 0.0 0.7361 0.7499 0.2 0.8 0.5 0.7
0.001 0.001 0.0 0.7371 0.7499 0.2 0.8 0.5 0.7
0.001 0.001 0.0 0.7381 0.7499 0.2 0.8 0.5 0.7
0.001 0.001 0.0 0.7391 0.7499 0.2 0.8 0.5 0.7
0.001 0.001 0.0 0.7401 0.7499 0.2 0.8 0.5 0.7
0.001 0.001 0.0 0.7411 0.7499 0.2 0.8 0.5 0.7
0.001 0.001 0.0 0.7421 0.7499 0.2 0.8 0.5 0.7
0.001 0.001 0.0 0.7431 0.7499 0.2 0.8 0.5 0.7
0.001 0.001 0.0 0.7441 0.7499 0.2 0.8 0.5 0.7
0.001 0.001 0.0 0.7451 0.7499 0.2 0.8 0.5 0.7
0.001 0.001 0.0 0.7461 0.7499 0.2 0.8 0.5 0.7
0.001 0.001 0.0 0.7471 0.7499 0.2 0.8 0.5 0.7
0.001 0.001 0.0 0.7481 0.7499 0.2 0.8 0.5 0.7
0.001 0.001 0.0 0.7491 0.7499 0.2 0.8 0.5 0.7
0.001 0.001 0.0 0.7501 0.7499 0.2 0.8 0.5 0.7
0.001 0.001 0.0 0.7511 0.7499 0.2 0.8 0.5 0.7
0.001 0.001 0.0 0.7521 0.7499 0.2 0.8 0.5 0.7
0.001 0.001 0.0 0.7531 0.7499 0.2 0.8 0.5 0.7
0.001 0.001 0.0 0.7541 0.7499 0.2 0.8 0.5 0.7
0.001 0.001 0.0 0.7551 0.7499 0.2 0.8 0.5 0.7
0.001 0.001 0.0 0.7561 0.7499 0.2 0.8 0.5 0.7
0.001 0.001 0.0 0.7571 0.7499 0.2 0.8 0.5 0.7
0.001 0.001 0.0 0.7581 0.7499 0.2 0.8 0.5 0.7
0.001 0.001 0.0 0.7591 0.7499 0.2 0.8 0.5 0.7
0.001 0.001 0.0 0.7601 0.7499 0.2 0.8 0.5 0.7
0.001 0.001 0.0 0.7611 0.7499 0.2 0.8 0.5 0.7
0.001 0.001 0.0 0.7621 0.7499 0.2 0.8 0.5 0.7
0.001 0.001 0.0 0.7631 0.7499 0.2 0.8 0.5 0.7
0.001 0.001 0.0 0.7641 0.7499 0.2 0.8 0.5 0.7
0.001 0.001 0.0 0.7651 0.7499 0.2 0.8 0.5 0.7
0.001 0.001 0.0 0.7661 0.7499 0.2 0.8 0.5 0.7
0.001 0.001 0.0 0.7671 0.7499 0.2 0.8 0.5 0.7
0.001 0.001 0.0 0.7681 0.7499 0.2 0.8 0.5 0.7
0.001 0.001 0.0 0.7691 0.7499 0.2 0.8 0.5 0.7
0.001 0.001 0.0 0.7701 0.7499 0.2 0.8 0.5 0.7
0.001 0.001 0.0 0.7711 0.7499 0.2 0.8 0.5 0.7
0.001 0.001 0.0 0.7721 0.7499 0.2 0.8 0.5 0.7
0.001 0.001 0.0 0.7731 0.7499 0.2 0.8 0.5 0.7
0.001 0.001 0.0 0.7741 0.7499 0.2 0.8 0.5 0.7
0.001 0.001 0.0 0.7751 0.7499 0.2 0.8 0.5 0.7
0.001 0.001 0.0 0.7761 0.7499 0.2 0.8 0.5 0.7
0.001 0.001 0.0 0.7771 0.7499 0.2 0.8 0.5 0.7
0.001 0.001 0.0 0.7781 0.7499 0.2 0.8 0.5 0.7
0.001 0.001 0.0 0.7791 0.7499 0.2 0.8 0.5 0.7
0.001 0.001 0.0 0.7801 0.7499 0.2 0.8 0.5 0.7
0.001 0.001 0.0 0.7811 0.7499 0.2 0.8 0.5 0.7
0.001 0.001 0.0 0.7821 0.7499 0.2 0.8 0.5 0.7
0.001 0.001 0.0 0.7831 0.7499 0.2 0.8 0.5 0.7
0.001 0.001 0.0 0.7841 0.7499 0.2 0.8 0.5 0.7
0.001 0.001 0.0 0.7851 0.7499 0.2 0.8 0.5 0.7
0.001 0.001 0.0 0.7861 0.7499 0.2 0.8 0.5 0.7
0.001 0.001 0.0 0.7871 0.7499 0.2 0.8 0.5 0.7
0.001 0.001 0.0 0.7881 0.7499 0.2 0.8 0.5 0.7
0.001 0.001 0.0 0.7891 0.7499 0.2 0.8 0.5 0.7
0.001 0.001 0.0 0.7901 0.7499 0.2 0.8 0.5 0.7
0.001 0.001 0.0 0.7911 0.7499 0.2 0.8 0.5 0.7
0.001 0.001 0.0 0.7921 0.7499 0.2 0.8 0.5 0.7
0.001 0.001 0.0 0.7931 0.7499 0.2 0.8 0.5 0.7
0.001 0.001 0.0 0.7941 0.7499 0.2 0.8 0.5 0.7
0.001 0.001 0.0 0.7951 0.7499 0.2 0.8 0.5 0.7
0.001 0.001 0.0 0.7961 0.7499 0.2 0.8 0.5 0.7
0.001 0.001 0.0 0.7971 0.7499 0.2 0.8 0.5 0.7
0.001 0.001 0.0 0.7981 0.7499 0.2 0.8 0.5 0.7
0.001 0.001 0.0 0.7991 0.7499 0.2 0.8 0.5 0.7
0.001 0.001 0.0 0.8 0.7499 0.2 0.8 0.5 0.7
0.001 0.001 0.0 0.8 0.7499 0.2 0.8 0.5 0.7
0.001 0.001 0.0 0.8 0.7509 0.2 0.8 0.5 0.7
0.001 0.001 0.0 0.8 0.7519 0.2 0.8 0.5 0.7
0.001 0.001 0.0 0.8 0.7529 0.2 0.8 0.5 0.7
0.001 0.001 0.0 0.8 0.7539 0.2 0.8 0.5 0.7
0.001 0.001 0.0 0.8 0.7549 0.2 0.8 0.5 0.7
0.001 0.001 0.0 0.8 0.7559 0.2 0.8 0.5 0.7
0.001 0.001 0.0 0.8 0.7569 0.2 0.8 0.5 0.7
0.001 0.001 0.0 0.8 0.7579 0.2 0.8 0.5 0.7
0.001 0.001 0.0 0.8 0.7589 0.2 0.8 0.5 0.7
0.001 0.001 0.0 0.8 0.7599 0.2 0.8 0.5 0.7
0.001 0.001 0.0 0.8 0.7609 0.2 0.8 0.5 0.7
0.001 0.001 0.0 0.8 0.7619 0.2 0.8 0.5 0.7
0.001 0.001 0.0 0.8 0.7629 0.2 0.8 0.5 0.7
0.001 0.001 0.0 0.8 0.7639 0.2 0.8 0.5 0.7
0.001 0.001 0.0 0.8 0.7649 0.2 0.8 0.5 0.7
0.001 0.001 0.0 0.8 0.7659 0.2 0.8 0.5 0.7
0.001 0.001 0.0 0.8 0.7669 0.2 0.8 0.5 0.7
0.001 0.001 0.0 0.8 0.7679 0.2 0.8 0.5 0.7
0.001 0.001 0.0 0.8 0.7689 0.2 0.8 0.5 0.7
0.001 0.001 0.0 0.8 0.7699 0.2 0.8 0.5 0.7
0.001 0.001 0.0 0.8 0.7709 0.2 0.8 0.5 0.7
0.001 0.001 0.0 0.8 0.7719 0.2 0.8 0.5 0.7
0.001 0.001 0.0 0.8 0.7729 0.2 0.8 0.5 0.7
0.001 0.001 0.0 0.8 0.7739 0.2 0.8 0.5 0.7
0.001 0.001 0.0 0.8 0.7749 0.2 0.8 0.5 0.7
0.001 0.001 0.0 0.8 0.7759 0.2 0.8 0.5 0.7
0.001 0.001 0.0 0.8 0.7769 0.2 0.8 0.5 0.7
0.001 0.001 0.0 0.8 0.7779 0.2 0.8 0.5 0.7
0.001 0.001 0.0 0.8 0.7789 0.2 0.8 0.5 0.7
0.001 0.001 0.0 0.8 0.7799 0.2 0.8 0.5 0.7
0.001 0.001 0.0 0.8 0.7809 0.2 0.8 0.5 0.7
0.001 0.001 0.0 0.8 0.7819 0.2 0.8 0.5 0.7
0.001 0.001 0.0 0.8 0.7829 0.2 0.8 0.5 0.7
0.001 0.001 0.0 0.8 0.7839 0.2 0.8 0.5 0.7
0.001 0.001 0.0 0.8 0.7849 0.2 0.8 0.5 0.7
0.001 0.001 0.0 0.8 0.7859 0.2 0.8 0.5 0.7
0.001 0.001 0.0 0.8 0.7869 0.2 0.8 0.5 0.7
0.001 0.001 0.0 0.8 0.7879 0.2 0.8 0.5 0.7
0.001 0.001 0.0 0.8 0.7889 0.2 0.8 0.5 0.7
0.001 0.001 0.0 0.8 0.7899 0.2 0.8 0.5 0.7
0.001 0.001 0.0 0.8 0.7909 0.2 0.8 0.5 0.7
0.001 0.001 0.0 0.8 0.7919 0.2 0.8 0.5 0.7
0.001 0.001 0.0 0.8 0.7929 0.2 0.8 0.5 0.7
0.001 0.001 0.0 0.8 0.7939 0.2 0.8 0.5 0.7
0.001 0.001 0.0 0.8 0.7949 0.2 0.8 0.5 0.7
0.001 0.001 0.0 0.8 0.7959 0.2 0.8 0.5 0.7
0.001 0.001 0.0 0.8 0.7969 0.2 0.8 0.5 0.7
0.001 0.001 0.0 0.8 0.7979 0.2 0.8 0.5 0.7
0.001 0.001 0.0 0.8 0.7989 0.2 0.8 0.5 0.7
0.001 0.001 0.0 0.8 0.7999 0.2 0.8 0.5 0.7
0.001 0.001 0.0 0.8 0.8 0.2 0.8 0.5 0.7